Time   Mix1   Mix2   Mix3   Mass1   Mass2   Mass3   FluxH   FluxE   FluxH1   FluxE1   FluxH2   FluxE2   FluxH3   FluxE3
0.000000e+00 0.000000e+00 0.000000e+00 0.000000e+00 6.118026e+01 4.441356e+01 1.676670e+01 8.262365e+00 8.262365e+00 0.000000e+00 0.000000e+00 0.000000e+00 0.000000e+00 0.000000e+00 0.000000e+00
9.980016e-02 2.487785e-02 0.000000e+00 2.487785e-02 6.118028e+01 4.441356e+01 1.676672e+01 8.262365e+00 8.262365e+00 2.419779e-217 0.000000e+00 0.000000e+00 0.000000e+00 2.419779e-217 0.000000e+00
1.999556e-01 3.022669e-02 3.916059e-02 5.069916e-02 6.118033e+01 4.441356e+01 1.676677e+01 8.262365e+00 8.262365e+00 3.109128e-137 0.000000e+00 0.000000e+00 0.000000e+00 3.109128e-137 0.000000e+00
2.996810e-01 3.942418e-02 8.313487e-01 6.936021e-01 6.118041e+01 4.441356e+01 1.676685e+01 7.561459e+00 8.262365e+00 1.646668e-29 0.000000e+00 0.000000e+00 0.000000e+00 1.646668e-29 0.000000e+00
3.999160e-01 5.687030e-02 1.259453e+00 1.030902e+00 6.118043e+01 4.441356e+01 1.676687e+01 7.927189e+00 8.262365e+00 2.084075e-06 6.197205e-288 1.285030e-248 0.000000e+00 2.084075e-06 6.197205e-288
4.997105e-01 8.797703e-02 1.561329e+00 1.295701e+00 6.118043e+01 4.441356e+01 1.676687e+01 5.637647e+00 8.262365e+00 6.533419e-03 2.033281e-218 2.868400e-194 0.000000e+00 6.533419e-03 2.033281e-218
5.997653e-01 1.210283e-01 1.763237e+00 1.489608e+00 6.118043e+01 4.441356e+01 1.676687e+01 4.612790e+00 8.262365e+00 1.521216e-02 3.650431e-182 4.191847e-169 0.000000e+00 1.521216e-02 3.650431e-182
6.999839e-01 1.530574e-01 1.920401e+00 1.642500e+00 6.118043e+01 4.441356e+01 1.676687e+01 4.365408e+00 8.262348e+00 3.559808e-02 8.955908e-166 6.806776e-142 0.000000e+00 3.559808e-02 8.955908e-166
7.998617e-01 1.857280e-01 2.035199e+00 1.772680e+00 6.118043e+01 4.441356e+01 1.676687e+01 4.325515e+00 7.283731e+00 8.449783e-02 5.377237e-143 1.692608e-94 9.141767e-263 8.449783e-02 5.377237e-143
8.998577e-01 2.173947e-01 2.113876e+00 1.868776e+00 6.118043e+01 4.441356e+01 1.676687e+01 4.474914e+00 7.859165e+00 1.428404e-01 2.219149e-33 1.662503e-63 1.078535e-219 1.428404e-01 2.219149e-33
9.998068e-01 2.504698e-01 2.176972e+00 1.956076e+00 6.118043e+01 4.441356e+01 1.676687e+01 4.749732e+00 7.102532e+00 1.809036e-01 5.303414e-10 8.678040e-43 8.833320e-193 1.809036e-01 5.303414e-10
1.099872e+00 2.844498e-01 2.235425e+00 2.032441e+00 6.118042e+01 4.441356e+01 1.676685e+01 5.002597e+00 5.536957e+00 2.141347e-01 5.076531e-04 2.594250e-28 3.365664e-174 2.141347e-01 5.076531e-04
1.199948e+00 3.134683e-01 2.270329e+00 2.092935e+00 6.118008e+01 4.441356e+01 1.676652e+01 5.160585e+00 4.553060e+00 2.647026e-01 4.320385e-03 2.771781e-21 1.667016e-164 2.647026e-01 4.320385e-03
1.299926e+00 3.429351e-01 2.295864e+00 2.146457e+00 6.117862e+01 4.441356e+01 1.676506e+01 5.267695e+00 4.066602e+00 2.949291e-01 8.944143e-03 9.547746e-18 6.823186e-133 2.949291e-01 8.944143e-03
1.399905e+00 3.743864e-01 2.326673e+00 2.257418e+00 6.117564e+01 4.441356e+01 1.676208e+01 5.412515e+00 3.993944e+00 3.495412e-01 2.354497e-02 6.072215e-14 8.938733e-93 3.495412e-01 2.354497e-02
1.499916e+00 3.994566e-01 2.358914e+00 2.293227e+00 6.116772e+01 4.441356e+01 1.675416e+01 5.523657e+00 4.070811e+00 3.661175e-01 5.059290e-02 3.382650e-12 1.295957e-64 3.661175e-01 5.059290e-02
1.599893e+00 4.198323e-01 2.402494e+00 2.333489e+00 6.115427e+01 4.441356e+01 1.674071e+01 5.611664e+00 4.173084e+00 3.836989e-01 8.372332e-02 2.601262e-10 1.650836e-42 3.836989e-01 8.372332e-02
1.699951e+00 4.370521e-01 2.441790e+00 2.377536e+00 6.113762e+01 4.441356e+01 1.672406e+01 5.678841e+00 4.308275e+00 4.117960e-01 8.914570e-02 6.943217e-09 1.425769e-28 4.117961e-01 8.914570e-02
1.799934e+00 4.546981e-01 2.415346e+00 2.414541e+00 6.111965e+01 4.441356e+01 1.670609e+01 5.687614e+00 4.453639e+00 4.297132e-01 9.171841e-02 6.461663e-08 1.624629e-23 4.297131e-01 9.171841e-02
1.899910e+00 4.744078e-01 2.441249e+00 2.467799e+00 6.109940e+01 4.441356e+01 1.668584e+01 5.836104e+00 4.564659e+00 4.691682e-01 1.057597e-01 3.841520e-07 1.422344e-18 4.691674e-01 1.057597e-01
1.999953e+00 4.895011e-01 2.448895e+00 2.525150e+00 6.107492e+01 4.441356e+01 1.666136e+01 5.902143e+00 4.605895e+00 4.668358e-01 1.350032e-01 3.278801e-07 2.745195e-14 4.668353e-01 1.350032e-01
2.099911e+00 5.049867e-01 2.483803e+00 2.567230e+00 6.104929e+01 4.441356e+01 1.663573e+01 6.039711e+00 4.649152e+00 4.873380e-01 1.338943e-01 1.977652e-06 9.047074e-13 4.873341e-01 1.338943e-01
2.199890e+00 5.200472e-01 2.513377e+00 2.591384e+00 6.101999e+01 4.441356e+01 1.660643e+01 6.053095e+00 4.648183e+00 4.932105e-01 1.464775e-01 5.718828e-06 1.301202e-10 4.932001e-01 1.464775e-01
2.299931e+00 5.311101e-01 2.550948e+00 2.602753e+00 6.098657e+01 4.441356e+01 1.657300e+01 6.099653e+00 4.692936e+00 5.040177e-01 1.919117e-01 1.012898e-05 6.074147e-09 5.040002e-01 1.919117e-01
2.399924e+00 5.414884e-01 2.596247e+00 2.611566e+00 6.095141e+01 4.441356e+01 1.653785e+01 6.159784e+00 4.728300e+00 5.192782e-01 1.893546e-01 8.548658e-05 3.631851e-08 5.191656e-01 1.893545e-01
2.499999e+00 5.500205e-01 2.731344e+00 2.647505e+00 6.091244e+01 4.441356e+01 1.649888e+01 6.184172e+00 4.736958e+00 5.574004e-01 2.167513e-01 4.527092e-04 2.495456e-07 5.568379e-01 2.167506e-01
2.599998e+00 5.584410e-01 2.870406e+00 2.802634e+00 6.087072e+01 4.441356e+01 1.645716e+01 6.258679e+00 4.808530e+00 5.430811e-01 2.096496e-01 5.568530e-04 7.775672e-08 5.424625e-01 2.096496e-01
2.699871e+00 5.709637e-01 2.938936e+00 2.856556e+00 6.082716e+01 4.441356e+01 1.641360e+01 6.261842e+00 4.847175e+00 5.739535e-01 2.142883e-01 3.680767e-03 1.339132e-06 5.701103e-01 2.142863e-01
2.799929e+00 5.849988e-01 2.986870e+00 2.883543e+00 6.078477e+01 4.441356e+01 1.637120e+01 6.266425e+00 4.846936e+00 6.126684e-01 2.272670e-01 5.768570e-03 4.522698e-06 6.068009e-01 2.272588e-01
2.899973e+00 5.967001e-01 3.010494e+00 2.892369e+00 6.073671e+01 4.441356e+01 1.632314e+01 6.372541e+00 4.939696e+00 6.197917e-01 2.384144e-01 8.102925e-03 1.711830e-06 6.116574e-01 2.384115e-01
2.999907e+00 6.091577e-01 3.009838e+00 2.902692e+00 6.068902e+01 4.441355e+01 1.627546e+01 6.496993e+00 4.945607e+00 6.362785e-01 2.479246e-01 1.116507e-02 1.452554e-05 6.249507e-01 2.479040e-01
3.099908e+00 6.138094e-01 3.008688e+00 2.911574e+00 6.063249e+01 4.441349e+01 1.621901e+01 6.444493e+00 4.989285e+00 6.422195e-01 2.865842e-01 2.264545e-02 2.185634e-04 6.191855e-01 2.863285e-01
3.199866e+00 6.221900e-01 3.007126e+00 2.924533e+00 6.057682e+01 4.441344e+01 1.616339e+01 6.395029e+00 5.026922e+00 6.844171e-01 2.740765e-01 3.868623e-02 1.833673e-04 6.453393e-01 2.738531e-01
3.299980e+00 6.344584e-01 3.023684e+00 2.943788e+00 6.052266e+01 4.441332e+01 1.610935e+01 6.466347e+00 4.995677e+00 7.361086e-01 2.668684e-01 5.728415e-02 1.259418e-03 6.786438e-01 2.655857e-01
3.399886e+00 6.459152e-01 3.051933e+00 2.964630e+00 6.046514e+01 4.441275e+01 1.605242e+01 6.565957e+00 5.026864e+00 7.178142e-01 3.021670e-01 5.053606e-02 3.763296e-03 6.669453e-01 2.983034e-01
3.499975e+00 6.552542e-01 3.084723e+00 2.982444e+00 6.040212e+01 4.441210e+01 1.599007e+01 6.627456e+00 5.071905e+00 7.770276e-01 2.921602e-01 8.454938e-02 2.608722e-03 6.923194e-01 2.894922e-01
3.599933e+00 6.633124e-01 3.123912e+00 3.002631e+00 6.033834e+01 4.441090e+01 1.592750e+01 6.585180e+00 5.118911e+00 7.842778e-01 3.179209e-01 8.590886e-02 6.393580e-03 6.981418e-01 3.114311e-01
3.699991e+00 6.709262e-01 3.166294e+00 3.021407e+00 6.027427e+01 4.440960e+01 1.586474e+01 6.576221e+00 5.141310e+00 7.990808e-01 3.379362e-01 1.029753e-01 7.928354e-03 6.959029e-01 3.298928e-01
3.799898e+00 6.694572e-01 3.210244e+00 3.039122e+00 6.020314e+01 4.440414e+01 1.579909e+01 6.601115e+00 5.124653e+00 8.935022e-01 3.297745e-01 1.781997e-01 2.273354e-02 7.150582e-01 3.069807e-01
3.899875e+00 6.738865e-01 3.263878e+00 3.059054e+00 6.013700e+01 4.439971e+01 1.573740e+01 6.673735e+00 5.101609e+00 8.749107e-01 3.255469e-01 1.675885e-01 3.231239e-02 7.070809e-01 2.930680e-01
3.999934e+00 6.800135e-01 3.317378e+00 3.074562e+00 6.006975e+01 4.439345e+01 1.567643e+01 6.629321e+00 5.134843e+00 8.902320e-01 3.444333e-01 1.714829e-01 3.273435e-02 7.185947e-01 3.117015e-01
4.099867e+00 6.891769e-01 3.379613e+00 3.092865e+00 5.999999e+01 4.438703e+01 1.561311e+01 6.530822e+00 5.132168e+00 9.036643e-01 3.521589e-01 2.088340e-01 3.546434e-02 6.946928e-01 3.166258e-01
4.199992e+00 6.976418e-01 3.437457e+00 3.110614e+00 5.992451e+01 4.437552e+01 1.554914e+01 6.492580e+00 5.165649e+00 8.933940e-01 3.641522e-01 1.988311e-01 4.974501e-02 6.945760e-01 3.142516e-01
4.299838e+00 7.139726e-01 3.505864e+00 3.134120e+00 5.985583e+01 4.436725e+01 1.548877e+01 6.446104e+00 5.176426e+00 9.125680e-01 3.387161e-01 2.023033e-01 4.317751e-02 7.102626e-01 2.954373e-01
4.399916e+00 7.261741e-01 3.563516e+00 3.163525e+00 5.978319e+01 4.435564e+01 1.542776e+01 6.488762e+00 5.152359e+00 9.731860e-01 3.892602e-01 2.760703e-01 7.750456e-02 6.970810e-01 3.116695e-01
4.499900e+00 7.317303e-01 3.625632e+00 3.185078e+00 5.970276e+01 4.433664e+01 1.536635e+01 6.499824e+00 5.084345e+00 1.010643e+00 3.951292e-01 3.268178e-01 9.174856e-02 6.838198e-01 3.032682e-01
4.599816e+00 7.420353e-01 3.686386e+00 3.213867e+00 5.962328e+01 4.431876e+01 1.530478e+01 6.535891e+00 5.033737e+00 1.098215e+00 3.943343e-01 3.804607e-01 8.551909e-02 7.178036e-01 3.086577e-01
4.699879e+00 7.555305e-01 3.752170e+00 3.240816e+00 5.954066e+01 4.430000e+01 1.524095e+01 6.501448e+00 5.030737e+00 1.053405e+00 4.285121e-01 3.552623e-01 9.505391e-02 6.982004e-01 3.333107e-01
4.799859e+00 7.681165e-01 3.821844e+00 3.266242e+00 5.945449e+01 4.427955e+01 1.517526e+01 6.354719e+00 5.014149e+00 1.032371e+00 4.483320e-01 3.473576e-01 1.134832e-01 6.851467e-01 3.347385e-01
4.899898e+00 7.841573e-01 3.899012e+00 3.294318e+00 5.936906e+01 4.425915e+01 1.511025e+01 6.324470e+00 4.962023e+00 1.106506e+00 4.149351e-01 4.436698e-01 9.330477e-02 6.629956e-01 3.214064e-01
4.999963e+00 8.029063e-01 3.983097e+00 3.327555e+00 5.928047e+01 4.423601e+01 1.504484e+01 6.430257e+00 5.010451e+00 1.166645e+00 4.866419e-01 5.026355e-01 1.498875e-01 6.641641e-01 3.366482e-01
5.099815e+00 8.222507e-01 4.078192e+00 3.365903e+00 5.918448e+01 4.421021e+01 1.497468e+01 6.482149e+00 4.959437e+00 1.152431e+00 4.789517e-01 4.996073e-01 1.511354e-01 6.529149e-01 3.276913e-01
5.199829e+00 8.362527e-01 4.160923e+00 3.407365e+00 5.908373e+01 4.417641e+01 1.490775e+01 6.390562e+00 4.933182e+00 1.170261e+00 5.112331e-01 4.776937e-01 1.663746e-01 6.926824e-01 3.447657e-01
5.299736e+00 8.516241e-01 4.280079e+00 3.459249e+00 5.897980e+01 4.414481e+01 1.483545e+01 6.571527e+00 4.881165e+00 1.335871e+00 5.249074e-01 6.629332e-01 1.660424e-01 6.730162e-01 3.587282e-01
5.399895e+00 8.634080e-01 4.421419e+00 3.535593e+00 5.886944e+01 4.410683e+01 1.476309e+01 6.819686e+00 4.846878e+00 1.359204e+00 5.092431e-01 7.070307e-01 1.670429e-01 6.522525e-01 3.420502e-01
5.499949e+00 8.831943e-01 4.606244e+00 3.631705e+00 5.876383e+01 4.407150e+01 1.469284e+01 6.770386e+00 4.765933e+00 1.368375e+00 5.529712e-01 6.759396e-01 1.931261e-01 6.925689e-01 3.597805e-01
5.599699e+00 9.030601e-01 4.829252e+00 3.756398e+00 5.864756e+01 4.402585e+01 1.462222e+01 6.881080e+00 4.742507e+00 1.475393e+00 5.969356e-01 7.701457e-01 2.358233e-01 7.053500e-01 3.610559e-01
5.699848e+00 9.225428e-01 5.118750e+00 3.933970e+00 5.852099e+01 4.397189e+01 1.454964e+01 6.871672e+00 4.787831e+00 1.493649e+00 5.964387e-01 7.883056e-01 2.424710e-01 7.054471e-01 3.538298e-01
5.799772e+00 9.516292e-01 5.453824e+00 4.139539e+00 5.840323e+01 4.392167e+01 1.448211e+01 6.754986e+00 4.804302e+00 1.489712e+00 5.648027e-01 8.048732e-01 2.322194e-01 6.849693e-01 3.324923e-01
5.899714e+00 9.911228e-01 5.845383e+00 4.369489e+00 5.829375e+01 4.387699e+01 1.441733e+01 6.674196e+00 4.729952e+00 1.529561e+00 5.622274e-01 8.652799e-01 2.486066e-01 6.643950e-01 3.135957e-01
5.999899e+00 1.020944e+00 6.263529e+00 4.647792e+00 5.817343e+01 4.382019e+01 1.435382e+01 6.566849e+00 4.760896e+00 1.579004e+00 5.998998e-01 9.266807e-01 2.746432e-01 6.524964e-01 3.251087e-01
6.099827e+00 1.051064e+00 6.724217e+00 4.915333e+00 5.804861e+01 4.376297e+01 1.428623e+01 6.617986e+00 4.775577e+00 1.711325e+00 6.757942e-01 1.058056e+00 3.274806e-01 6.534444e-01 3.482756e-01
6.199733e+00 1.084226e+00 7.243304e+00 5.196283e+00 5.791369e+01 4.369860e+01 1.421568e+01 6.672719e+00 4.794974e+00 1.838037e+00 6.561623e-01 1.186382e+00 3.041710e-01 6.517692e-01 3.519949e-01
6.299713e+00 1.136076e+00 7.882456e+00 5.516406e+00 5.778310e+01 4.363827e+01 1.414542e+01 6.795602e+00 4.699622e+00 1.970032e+00 6.588248e-01 1.338699e+00 3.099355e-01 6.314201e-01 3.488787e-01
6.399739e+00 1.197138e+00 8.547079e+00 5.816170e+00 5.764681e+01 4.357212e+01 1.407529e+01 6.967324e+00 4.698035e+00 2.082779e+00 6.763291e-01 1.471211e+00 3.248663e-01 6.116743e-01 3.514221e-01
6.499841e+00 1.265054e+00 9.219172e+00 6.106307e+00 5.750871e+01 4.350266e+01 1.400665e+01 7.002931e+00 4.662907e+00 2.155867e+00 6.685861e-01 1.534403e+00 3.296849e-01 6.215528e-01 3.388184e-01
6.599835e+00 1.344314e+00 9.923404e+00 6.418320e+00 5.736905e+01 4.343041e+01 1.393924e+01 6.980163e+00 4.525492e+00 2.155098e+00 6.681067e-01 1.535594e+00 3.258131e-01 6.195019e-01 3.423123e-01
6.699715e+00 1.425916e+00 1.061192e+01 6.726894e+00 5.721930e+01 4.334901e+01 1.387089e+01 6.970144e+00 4.403780e+00 2.132231e+00 7.051081e-01 1.528218e+00 3.645190e-01 6.039486e-01 3.405884e-01
6.799985e+00 1.520759e+00 1.130659e+01 7.020380e+00 5.706604e+01 4.326186e+01 1.380478e+01 7.018963e+00 4.278384e+00 2.285059e+00 7.436318e-01 1.668610e+00 4.146586e-01 6.162698e-01 3.290185e-01
6.899997e+00 1.629962e+00 1.201885e+01 7.275663e+00 5.691084e+01 4.317119e+01 1.374025e+01 7.155141e+00 4.213440e+00 2.477472e+00 7.716183e-01 1.867518e+00 4.546663e-01 6.096537e-01 3.169677e-01
6.999752e+00 1.745717e+00 1.275984e+01 7.502614e+00 5.673394e+01 4.305837e+01 1.367616e+01 6.743223e+00 4.191222e+00 2.418844e+00 8.449934e-01 1.794931e+00 5.223297e-01 6.229129e-01 3.226547e-01
7.099910e+00 1.878973e+00 1.351147e+01 7.712003e+00 5.654412e+01 4.293485e+01 1.360985e+01 7.433032e+00 4.307687e+00 3.297829e+00 1.008419e+00 2.637725e+00 6.801774e-01 6.582671e-01 3.282440e-01
7.199678e+00 2.042324e+00 1.427689e+01 7.897737e+00 5.634542e+01 4.280105e+01 1.354494e+01 8.324164e+00 4.286661e+00 4.337759e+00 9.801855e-01 3.100425e+00 6.511326e-01 1.236439e+00 3.290689e-01
7.299979e+00 2.215683e+00 1.502259e+01 8.070671e+00 5.611910e+01 4.264195e+01 1.347775e+01 9.952296e+00 4.428413e+00 6.125655e+00 1.102240e+00 4.407639e+00 7.553495e-01 1.713955e+00 3.468226e-01
7.399870e+00 2.421222e+00 1.578199e+01 8.217772e+00 5.587772e+01 4.247305e+01 1.340535e+01 1.232605e+01 4.286475e+00 8.618423e+00 9.692116e-01 5.408597e+00 6.164422e-01 3.207080e+00 3.527883e-01
7.499752e+00 2.657822e+00 1.655022e+01 8.346890e+00 5.563503e+01 4.230574e+01 1.333011e+01 1.198515e+01 4.208905e+00 8.318481e+00 1.096189e+00 5.227958e+00 7.299789e-01 3.084788e+00 3.662406e-01
7.599726e+00 2.907127e+00 1.731330e+01 8.464001e+00 5.532876e+01 4.208334e+01 1.324640e+01 1.383131e+01 4.094412e+00 1.011487e+01 1.081448e+00 6.757674e+00 7.472550e-01 3.352676e+00 3.341950e-01
7.699977e+00 3.191226e+00 1.804387e+01 8.559941e+00 5.499059e+01 4.183294e+01 1.315885e+01 1.626789e+01 3.789843e+00 1.226266e+01 9.736554e-01 8.167253e+00 6.628066e-01 4.082945e+00 3.107958e-01
7.799823e+00 3.530021e+00 1.877099e+01 8.631256e+00 5.463229e+01 4.156921e+01 1.306430e+01 1.773771e+01 3.273594e+00 1.362441e+01 9.403367e-01 9.062815e+00 6.278807e-01 4.558328e+00 3.123709e-01
7.899762e+00 3.882476e+00 1.945939e+01 8.693844e+00 5.418846e+01 4.123024e+01 1.295978e+01 1.865398e+01 3.006884e+00 1.444469e+01 9.530848e-01 1.063839e+01 6.469900e-01 3.796744e+00 3.054165e-01
7.999789e+00 4.248218e+00 2.010916e+01 8.742757e+00 5.366923e+01 4.082117e+01 1.285016e+01 2.120598e+01 2.832145e+00 1.667488e+01 1.029653e+00 1.335642e+01 7.129389e-01 3.314349e+00 3.161315e-01
8.099956e+00 4.622937e+00 2.064638e+01 8.763763e+00 5.296128e+01 4.025133e+01 1.271255e+01 2.509278e+01 2.630604e+00 2.014874e+01 1.105635e+00 1.722548e+01 7.559215e-01 2.913812e+00 3.484454e-01
8.199907e+00 5.035324e+00 2.111113e+01 8.756436e+00 5.208572e+01 3.955094e+01 1.253799e+01 2.547223e+01 2.519440e+00 1.982986e+01 1.295176e+00 1.770246e+01 9.264930e-01 2.105958e+00 3.680360e-01
8.299865e+00 5.456865e+00 2.150167e+01 8.721914e+00 5.111914e+01 3.878255e+01 1.234047e+01 2.674112e+01 2.411453e+00 2.070545e+01 1.301563e+00 1.819003e+01 9.399882e-01 2.519765e+00 3.608591e-01
8.399680e+00 5.874080e+00 2.184574e+01 8.669781e+00 5.009051e+01 3.795798e+01 1.213745e+01 2.642875e+01 2.447370e+00 1.951495e+01 1.402670e+00 1.668598e+01 1.035644e+00 2.836704e+00 3.665254e-01
8.499951e+00 6.259131e+00 2.201207e+01 8.606597e+00 4.885937e+01 3.695285e+01 1.191158e+01 2.387120e+01 2.584199e+00 1.611455e+01 1.600626e+00 1.428525e+01 1.200675e+00 1.838214e+00 3.989290e-01
8.599983e+00 6.600064e+00 2.192836e+01 8.483409e+00 4.725289e+01 3.564436e+01 1.161406e+01 2.101615e+01 2.621316e+00 1.225418e+01 1.684623e+00 1.076718e+01 1.282853e+00 1.508304e+00 4.008619e-01
8.699736e+00 6.905344e+00 2.167706e+01 8.309465e+00 4.542236e+01 3.416753e+01 1.125994e+01 1.874047e+01 2.622183e+00 9.340312e+00 1.813340e+00 8.337779e+00 1.329475e+00 1.004573e+00 4.829250e-01
8.799808e+00 7.176510e+00 2.142718e+01 8.114562e+00 4.361718e+01 3.272738e+01 1.089527e+01 1.970716e+01 2.968924e+00 1.014432e+01 2.081605e+00 8.978220e+00 1.460002e+00 1.171849e+00 6.185874e-01
8.899926e+00 7.416137e+00 2.105820e+01 7.874728e+00 4.166128e+01 3.117720e+01 1.048993e+01 1.717351e+01 3.389345e+00 7.596633e+00 2.331809e+00 6.647598e+00 1.658867e+00 9.617075e-01 6.709607e-01
8.999903e+00 7.619507e+00 2.041178e+01 7.500692e+00 3.932883e+01 2.939747e+01 9.937719e+00 1.284534e+01 3.821273e+00 4.134204e+00 2.591150e+00 3.573330e+00 1.920473e+00 5.700438e-01 6.692102e-01
9.099972e+00 7.769975e+00 1.960029e+01 7.033416e+00 3.683147e+01 2.754302e+01 9.295041e+00 1.100336e+01 3.976983e+00 2.569182e+00 2.713687e+00 2.130903e+00 2.043457e+00 4.479356e-01 6.684642e-01
9.199946e+00 7.840028e+00 1.874156e+01 6.576636e+00 3.441180e+01 2.575193e+01 8.667578e+00 8.272846e+00 4.297303e+00 6.971937e-04 2.978860e+00 2.265269e-04 2.275749e+00 1.771047e-04 6.987208e-01
9.299812e+00 7.846297e+00 1.773056e+01 6.134604e+00 3.195482e+01 2.389960e+01 8.064130e+00 8.262365e+00 4.871301e+00 1.895631e-136 3.414963e+00 4.251288e-137 2.636251e+00 5.865489e-137 7.741015e-01
9.399996e+00 7.782476e+00 1.654886e+01 5.623172e+00 2.930277e+01 2.191430e+01 7.398410e+00 8.262365e+00 6.404175e+00 1.362178e-221 4.733362e+00 7.432913e-222 3.609790e+00 8.904473e-222 1.118257e+00
9.499858e+00 7.477106e+00 1.508079e+01 5.025391e+00 2.634475e+01 1.971084e+01 6.644484e+00 8.262365e+00 8.375899e+00 2.570135e-286 6.162356e+00 1.401358e-286 4.434665e+00 1.678228e-286 1.723767e+00
9.599985e+00 7.032649e+00 1.349144e+01 4.370661e+00 2.329446e+01 1.747348e+01 5.831435e+00 8.262365e+00 1.058558e+01 0.000000e+00 7.760907e+00 0.000000e+00 5.296483e+00 0.000000e+00 2.461848e+00
9.699971e+00 6.505184e+00 1.194395e+01 3.718693e+00 2.033465e+01 1.532369e+01 5.020863e+00 8.262365e+00 1.114721e+01 0.000000e+00 7.664167e+00 0.000000e+00 5.192010e+00 0.000000e+00 2.474821e+00
9.799818e+00 5.981542e+00 1.055266e+01 3.148554e+00 1.766679e+01 1.338749e+01 4.289123e+00 8.262365e+00 1.260162e+01 0.000000e+00 8.437410e+00 0.000000e+00 5.729768e+00 0.000000e+00 2.710165e+00
9.899956e+00 5.429707e+00 9.214077e+00 2.613090e+00 1.514736e+01 1.159312e+01 3.563348e+00 8.262365e+00 1.267502e+01 0.000000e+00 7.736206e+00 0.000000e+00 4.659048e+00 0.000000e+00 3.080498e+00
9.999821e+00 4.943805e+00 8.084752e+00 2.124388e+00 1.279309e+01 1.005535e+01 2.746148e+00 8.262365e+00 1.269109e+01 0.000000e+00 7.124632e+00 0.000000e+00 4.052516e+00 0.000000e+00 3.072266e+00
