# Column 1: Channel -> ID
# Column 2: Spectral axis -> Gas velocity in km/s
# Column 3: Intensity axis -> Brightness temperature in K
#
#  Channel     Spectral axis    Intensity
 1.00000E+00   -4.93885E+02    6.75049E-02
 2.00000E+00   -4.93063E+02   -7.49969E-03
 3.00000E+00   -4.92241E+02    1.00021E-02
 4.00000E+00   -4.91420E+02    2.50244E-03
 5.00000E+00   -4.90598E+02    3.74985E-02
 6.00000E+00   -4.89776E+02    7.49969E-03
 7.00000E+00   -4.88954E+02    3.50037E-02
 8.00000E+00   -4.88132E+02    1.75018E-02
 9.00000E+00   -4.87311E+02    4.00009E-02
 1.00000E+01   -4.86489E+02   -1.49994E-02
 1.10000E+01   -4.85667E+02    2.75040E-02
 1.20000E+01   -4.84845E+02   -3.49960E-02
 1.30000E+01   -4.84023E+02    4.00009E-02
 1.40000E+01   -4.83201E+02   -6.99997E-02
 1.50000E+01   -4.82380E+02    5.24979E-02
 1.60000E+01   -4.81558E+02    2.50244E-03
 1.70000E+01   -4.80736E+02    1.25046E-02
 1.80000E+01   -4.79914E+02    5.00488E-03
 1.90000E+01   -4.79092E+02    3.25012E-02
 2.00000E+01   -4.78270E+02    0.00000E+00
 2.10000E+01   -4.77448E+02   -4.00009E-02
 2.20000E+01   -4.76627E+02   -5.74951E-02
 2.30000E+01   -4.75805E+02   -8.00018E-02
 2.40000E+01   -4.74983E+02   -8.49991E-02
 2.50000E+01   -4.74161E+02   -4.99725E-03
 2.60000E+01   -4.73339E+02   -1.75018E-02
 2.70000E+01   -4.72517E+02   -2.24991E-02
 2.80000E+01   -4.71695E+02    1.25046E-02
 2.90000E+01   -4.70873E+02    4.00009E-02
 3.00000E+01   -4.70051E+02    1.25046E-02
 3.10000E+01   -4.69229E+02    6.50024E-02
 3.20000E+01   -4.68408E+02    2.50015E-02
 3.30000E+01   -4.67586E+02    1.49994E-02
 3.40000E+01   -4.66764E+02   -3.74985E-02
 3.50000E+01   -4.65942E+02   -1.75018E-02
 3.60000E+01   -4.65120E+02    6.25000E-02
 3.70000E+01   -4.64298E+02    6.00052E-02
 3.80000E+01   -4.63476E+02   -5.99976E-02
 3.90000E+01   -4.62654E+02    9.00040E-02
 4.00000E+01   -4.61832E+02   -5.24979E-02
 4.10000E+01   -4.61010E+02    2.24991E-02
 4.20000E+01   -4.60188E+02    1.75018E-02
 4.30000E+01   -4.59366E+02    5.00488E-03
 4.40000E+01   -4.58544E+02    2.50244E-03
 4.50000E+01   -4.57722E+02    7.49969E-03
 4.60000E+01   -4.56900E+02    2.99988E-02
 4.70000E+01   -4.56078E+02   -6.99997E-02
 4.80000E+01   -4.55256E+02   -4.99725E-03
 4.90000E+01   -4.54434E+02    3.74985E-02
 5.00000E+01   -4.53612E+02    3.25012E-02
 5.10000E+01   -4.52790E+02    1.25046E-02
 5.20000E+01   -4.51968E+02    4.25034E-02
 5.30000E+01   -4.51146E+02    1.00021E-02
 5.40000E+01   -4.50324E+02   -2.24991E-02
 5.50000E+01   -4.49502E+02    2.99988E-02
 5.60000E+01   -4.48680E+02    7.49969E-03
 5.70000E+01   -4.47858E+02   -2.74963E-02
 5.80000E+01   -4.47036E+02   -1.24969E-02
 5.90000E+01   -4.46214E+02    5.00031E-02
 6.00000E+01   -4.45392E+02   -9.74960E-02
 6.10000E+01   -4.44570E+02    8.25043E-02
 6.20000E+01   -4.43748E+02   -4.75006E-02
 6.30000E+01   -4.42926E+02    1.75018E-02
 6.40000E+01   -4.42104E+02   -1.99966E-02
 6.50000E+01   -4.41281E+02    8.00018E-02
 6.60000E+01   -4.40459E+02    1.49994E-02
 6.70000E+01   -4.39637E+02   -7.49969E-03
 6.80000E+01   -4.38815E+02   -3.25012E-02
 6.90000E+01   -4.37993E+02    4.75006E-02
 7.00000E+01   -4.37171E+02    1.25046E-02
 7.10000E+01   -4.36349E+02   -8.99963E-02
 7.20000E+01   -4.35527E+02   -2.49481E-03
 7.30000E+01   -4.34705E+02    2.75040E-02
 7.40000E+01   -4.33883E+02   -1.24969E-02
 7.50000E+01   -4.33061E+02    3.50037E-02
 7.60000E+01   -4.32238E+02    3.25012E-02
 7.70000E+01   -4.31416E+02    2.24991E-02
 7.80000E+01   -4.30594E+02   -2.99988E-02
 7.90000E+01   -4.29772E+02    2.75040E-02
 8.00000E+01   -4.28950E+02   -1.00021E-02
 8.10000E+01   -4.28128E+02    5.00488E-03
 8.20000E+01   -4.27306E+02    2.50244E-03
 8.30000E+01   -4.26483E+02   -2.49481E-03
 8.40000E+01   -4.25661E+02    6.50024E-02
 8.50000E+01   -4.24839E+02    1.00021E-02
 8.60000E+01   -4.24017E+02   -5.74951E-02
 8.70000E+01   -4.23195E+02    1.25046E-02
 8.80000E+01   -4.22373E+02    2.00043E-02
 8.90000E+01   -4.21550E+02   -4.99725E-03
 9.00000E+01   -4.20728E+02   -1.99966E-02
 9.10000E+01   -4.19906E+02   -6.25000E-02
 9.20000E+01   -4.19084E+02   -2.24991E-02
 9.30000E+01   -4.18262E+02    5.75027E-02
 9.40000E+01   -4.17439E+02    1.00021E-02
 9.50000E+01   -4.16617E+02   -5.50003E-02
 9.60000E+01   -4.15795E+02   -1.00021E-02
 9.70000E+01   -4.14973E+02    2.00043E-02
 9.80000E+01   -4.14151E+02    1.25046E-02
 9.90000E+01   -4.13328E+02    2.50244E-03
 1.00000E+02   -4.12506E+02    2.99988E-02
 1.01000E+02   -4.11684E+02   -2.49481E-03
 1.02000E+02   -4.10862E+02    2.75040E-02
 1.03000E+02   -4.10039E+02    3.50037E-02
 1.04000E+02   -4.09217E+02   -4.99725E-03
 1.05000E+02   -4.08395E+02   -2.74963E-02
 1.06000E+02   -4.07573E+02   -1.49994E-02
 1.07000E+02   -4.06750E+02    5.24979E-02
 1.08000E+02   -4.05928E+02   -1.24969E-02
 1.09000E+02   -4.05106E+02    2.75040E-02
 1.10000E+02   -4.04284E+02   -1.00021E-02
 1.11000E+02   -4.03461E+02   -1.24969E-02
 1.12000E+02   -4.02639E+02    1.00021E-02
 1.13000E+02   -4.01817E+02    2.50015E-02
 1.14000E+02   -4.00994E+02   -7.49969E-03
 1.15000E+02   -4.00172E+02    0.00000E+00
 1.16000E+02   -3.99350E+02    3.25012E-02
 1.17000E+02   -3.98528E+02   -9.24988E-02
 1.18000E+02   -3.97705E+02   -4.99954E-02
 1.19000E+02   -3.96883E+02   -1.12495E-01
 1.20000E+02   -3.96061E+02   -1.49994E-02
 1.21000E+02   -3.95238E+02   -7.49969E-03
 1.22000E+02   -3.94416E+02   -5.74951E-02
 1.23000E+02   -3.93594E+02    5.00031E-02
 1.24000E+02   -3.92771E+02    8.00018E-02
 1.25000E+02   -3.91949E+02    1.25046E-02
 1.26000E+02   -3.91127E+02    2.24991E-02
 1.27000E+02   -3.90304E+02    3.74985E-02
 1.28000E+02   -3.89482E+02    6.75049E-02
 1.29000E+02   -3.88659E+02    4.00009E-02
 1.30000E+02   -3.87837E+02   -4.99954E-02
 1.31000E+02   -3.87015E+02   -6.25000E-02
 1.32000E+02   -3.86192E+02    6.50024E-02
 1.33000E+02   -3.85370E+02   -4.99954E-02
 1.34000E+02   -3.84548E+02   -1.99966E-02
 1.35000E+02   -3.83725E+02    2.50244E-03
 1.36000E+02   -3.82903E+02    2.50015E-02
 1.37000E+02   -3.82080E+02    1.49994E-02
 1.38000E+02   -3.81258E+02    3.50037E-02
 1.39000E+02   -3.80436E+02    6.50024E-02
 1.40000E+02   -3.79613E+02   -5.24979E-02
 1.41000E+02   -3.78791E+02   -1.07498E-01
 1.42000E+02   -3.77968E+02   -7.49969E-02
 1.43000E+02   -3.77146E+02    4.00009E-02
 1.44000E+02   -3.76324E+02   -2.50015E-02
 1.45000E+02   -3.75501E+02    1.75018E-02
 1.46000E+02   -3.74679E+02    7.49969E-03
 1.47000E+02   -3.73856E+02   -6.74973E-02
 1.48000E+02   -3.73034E+02   -5.74951E-02
 1.49000E+02   -3.72211E+02   -4.99725E-03
 1.50000E+02   -3.71389E+02    2.99988E-02
 1.51000E+02   -3.70566E+02    2.50244E-03
 1.52000E+02   -3.69744E+02   -1.75018E-02
 1.53000E+02   -3.68921E+02   -1.00021E-02
 1.54000E+02   -3.68099E+02   -3.25012E-02
 1.55000E+02   -3.67277E+02    5.00488E-03
 1.56000E+02   -3.66454E+02   -1.00021E-02
 1.57000E+02   -3.65632E+02   -6.74973E-02
 1.58000E+02   -3.64809E+02    7.49969E-03
 1.59000E+02   -3.63987E+02    2.50244E-03
 1.60000E+02   -3.63164E+02    8.25043E-02
 1.61000E+02   -3.62342E+02    1.05003E-01
 1.62000E+02   -3.61519E+02    4.00009E-02
 1.63000E+02   -3.60697E+02    8.25043E-02
 1.64000E+02   -3.59874E+02    1.75018E-02
 1.65000E+02   -3.59051E+02   -8.75015E-02
 1.66000E+02   -3.58229E+02   -7.49969E-02
 1.67000E+02   -3.57406E+02    2.75040E-02
 1.68000E+02   -3.56584E+02    1.25046E-02
 1.69000E+02   -3.55761E+02   -1.75018E-02
 1.70000E+02   -3.54939E+02   -2.99988E-02
 1.71000E+02   -3.54116E+02    3.74985E-02
 1.72000E+02   -3.53294E+02   -3.74985E-02
 1.73000E+02   -3.52471E+02   -5.50003E-02
 1.74000E+02   -3.51649E+02    9.75037E-02
 1.75000E+02   -3.50826E+02    1.75018E-02
 1.76000E+02   -3.50003E+02   -3.25012E-02
 1.77000E+02   -3.49181E+02   -4.99725E-03
 1.78000E+02   -3.48358E+02    7.49969E-03
 1.79000E+02   -3.47536E+02    3.25012E-02
 1.80000E+02   -3.46713E+02   -2.24991E-02
 1.81000E+02   -3.45890E+02   -4.99725E-03
 1.82000E+02   -3.45068E+02    2.24991E-02
 1.83000E+02   -3.44245E+02    6.99997E-02
 1.84000E+02   -3.43423E+02    5.24979E-02
 1.85000E+02   -3.42600E+02    1.75018E-02
 1.86000E+02   -3.41777E+02    7.49969E-03
 1.87000E+02   -3.40955E+02    6.50024E-02
 1.88000E+02   -3.40132E+02   -4.00009E-02
 1.89000E+02   -3.39310E+02   -7.49969E-03
 1.90000E+02   -3.38487E+02    1.00021E-02
 1.91000E+02   -3.37664E+02    3.25012E-02
 1.92000E+02   -3.36842E+02   -3.74985E-02
 1.93000E+02   -3.36019E+02    6.50024E-02
 1.94000E+02   -3.35196E+02    7.25021E-02
 1.95000E+02   -3.34374E+02   -1.75018E-02
 1.96000E+02   -3.33551E+02   -3.25012E-02
 1.97000E+02   -3.32728E+02   -2.74963E-02
 1.98000E+02   -3.31906E+02   -4.24957E-02
 1.99000E+02   -3.31083E+02   -1.00021E-02
 2.00000E+02   -3.30260E+02    1.75018E-02
 2.01000E+02   -3.29438E+02   -1.49994E-02
 2.02000E+02   -3.28615E+02    9.24988E-02
 2.03000E+02   -3.27792E+02    3.50037E-02
 2.04000E+02   -3.26970E+02    1.25046E-02
 2.05000E+02   -3.26147E+02   -2.74963E-02
 2.06000E+02   -3.25324E+02   -4.00009E-02
 2.07000E+02   -3.24501E+02   -3.25012E-02
 2.08000E+02   -3.23679E+02    6.75049E-02
 2.09000E+02   -3.22856E+02    1.75018E-02
 2.10000E+02   -3.22033E+02    4.00009E-02
 2.11000E+02   -3.21210E+02   -3.25012E-02
 2.12000E+02   -3.20388E+02    6.75049E-02
 2.13000E+02   -3.19565E+02    4.49982E-02
 2.14000E+02   -3.18742E+02    5.00031E-02
 2.15000E+02   -3.17919E+02    9.75037E-02
 2.16000E+02   -3.17097E+02    2.75040E-02
 2.17000E+02   -3.16274E+02    2.99988E-02
 2.18000E+02   -3.15451E+02   -7.49969E-02
 2.19000E+02   -3.14628E+02   -2.74963E-02
 2.20000E+02   -3.13806E+02    8.25043E-02
 2.21000E+02   -3.12983E+02    4.00009E-02
 2.22000E+02   -3.12160E+02   -3.49960E-02
 2.23000E+02   -3.11337E+02   -3.49960E-02
 2.24000E+02   -3.10515E+02   -1.49994E-02
 2.25000E+02   -3.09692E+02   -1.24969E-02
 2.26000E+02   -3.08869E+02    2.75040E-02
 2.27000E+02   -3.08046E+02    5.24979E-02
 2.28000E+02   -3.07223E+02    0.00000E+00
 2.29000E+02   -3.06401E+02    3.25012E-02
 2.30000E+02   -3.05578E+02   -4.00009E-02
 2.31000E+02   -3.04755E+02    3.25012E-02
 2.32000E+02   -3.03932E+02   -8.00018E-02
 2.33000E+02   -3.03109E+02   -1.04996E-01
 2.34000E+02   -3.02286E+02   -4.99954E-02
 2.35000E+02   -3.01464E+02   -2.74963E-02
 2.36000E+02   -3.00641E+02    4.25034E-02
 2.37000E+02   -2.99818E+02   -4.24957E-02
 2.38000E+02   -2.98995E+02   -7.49969E-02
 2.39000E+02   -2.98172E+02   -4.00009E-02
 2.40000E+02   -2.97349E+02    1.00021E-02
 2.41000E+02   -2.96526E+02   -1.00021E-02
 2.42000E+02   -2.95704E+02   -4.75006E-02
 2.43000E+02   -2.94881E+02   -7.49969E-03
 2.44000E+02   -2.94058E+02   -1.24969E-02
 2.45000E+02   -2.93235E+02   -1.24969E-02
 2.46000E+02   -2.92412E+02   -2.24991E-02
 2.47000E+02   -2.91589E+02   -7.49969E-03
 2.48000E+02   -2.90766E+02   -7.49969E-03
 2.49000E+02   -2.89943E+02   -1.24969E-02
 2.50000E+02   -2.89120E+02    7.25021E-02
 2.51000E+02   -2.88297E+02    1.20003E-01
 2.52000E+02   -2.87475E+02   -1.49994E-02
 2.53000E+02   -2.86652E+02    5.00488E-03
 2.54000E+02   -2.85829E+02    1.75018E-02
 2.55000E+02   -2.85006E+02   -1.75018E-02
 2.56000E+02   -2.84183E+02    3.25012E-02
 2.57000E+02   -2.83360E+02    1.49994E-02
 2.58000E+02   -2.82537E+02    3.25012E-02
 2.59000E+02   -2.81714E+02    7.50046E-02
 2.60000E+02   -2.80891E+02    5.24979E-02
 2.61000E+02   -2.80068E+02    3.25012E-02
 2.62000E+02   -2.79245E+02   -3.25012E-02
 2.63000E+02   -2.78422E+02   -7.49969E-03
 2.64000E+02   -2.77599E+02    4.00009E-02
 2.65000E+02   -2.76776E+02   -5.74951E-02
 2.66000E+02   -2.75953E+02    0.00000E+00
 2.67000E+02   -2.75130E+02    7.25021E-02
 2.68000E+02   -2.74307E+02    2.00043E-02
 2.69000E+02   -2.73484E+02   -8.49991E-02
 2.70000E+02   -2.72661E+02   -1.99966E-02
 2.71000E+02   -2.71838E+02   -8.49991E-02
 2.72000E+02   -2.71015E+02   -4.00009E-02
 2.73000E+02   -2.70192E+02    5.00031E-02
 2.74000E+02   -2.69369E+02    5.50003E-02
 2.75000E+02   -2.68546E+02   -4.99725E-03
 2.76000E+02   -2.67723E+02    2.24991E-02
 2.77000E+02   -2.66900E+02    6.75049E-02
 2.78000E+02   -2.66077E+02   -2.49481E-03
 2.79000E+02   -2.65254E+02    2.75040E-02
 2.80000E+02   -2.64431E+02    9.50012E-02
 2.81000E+02   -2.63608E+02   -2.24991E-02
 2.82000E+02   -2.62785E+02   -4.49982E-02
 2.83000E+02   -2.61962E+02    9.75037E-02
 2.84000E+02   -2.61139E+02    7.25021E-02
 2.85000E+02   -2.60316E+02   -9.74960E-02
 2.86000E+02   -2.59493E+02    3.25012E-02
 2.87000E+02   -2.58670E+02   -1.49994E-02
 2.88000E+02   -2.57847E+02    2.00043E-02
 2.89000E+02   -2.57023E+02    2.50244E-03
 2.90000E+02   -2.56200E+02    1.25046E-02
 2.91000E+02   -2.55377E+02    1.00021E-02
 2.92000E+02   -2.54554E+02   -1.00021E-02
 2.93000E+02   -2.53731E+02   -4.24957E-02
 2.94000E+02   -2.52908E+02   -8.00018E-02
 2.95000E+02   -2.52085E+02    9.75037E-02
 2.96000E+02   -2.51262E+02   -5.74951E-02
 2.97000E+02   -2.50439E+02   -2.49481E-03
 2.98000E+02   -2.49615E+02    1.49994E-02
 2.99000E+02   -2.48792E+02   -1.49994E-02
 3.00000E+02   -2.47969E+02    1.10001E-01
 3.01000E+02   -2.47146E+02    4.49982E-02
 3.02000E+02   -2.46323E+02   -2.50015E-02
 3.03000E+02   -2.45500E+02   -1.00021E-02
 3.04000E+02   -2.44677E+02    1.49994E-02
 3.05000E+02   -2.43853E+02    4.00009E-02
 3.06000E+02   -2.43030E+02    4.00009E-02
 3.07000E+02   -2.42207E+02   -5.74951E-02
 3.08000E+02   -2.41384E+02   -4.99725E-03
 3.09000E+02   -2.40561E+02    0.00000E+00
 3.10000E+02   -2.39738E+02   -3.25012E-02
 3.11000E+02   -2.38914E+02    6.00052E-02
 3.12000E+02   -2.38091E+02   -2.50015E-02
 3.13000E+02   -2.37268E+02    2.00043E-02
 3.14000E+02   -2.36445E+02   -1.75018E-02
 3.15000E+02   -2.35622E+02    2.50015E-02
 3.16000E+02   -2.34798E+02    0.00000E+00
 3.17000E+02   -2.33975E+02   -5.99976E-02
 3.18000E+02   -2.33152E+02   -5.50003E-02
 3.19000E+02   -2.32329E+02   -8.75015E-02
 3.20000E+02   -2.31506E+02   -8.75015E-02
 3.21000E+02   -2.30682E+02    8.25043E-02
 3.22000E+02   -2.29859E+02    2.24991E-02
 3.23000E+02   -2.29036E+02   -7.74994E-02
 3.24000E+02   -2.28213E+02   -9.24988E-02
 3.25000E+02   -2.27389E+02    2.75040E-02
 3.26000E+02   -2.26566E+02    8.00018E-02
 3.27000E+02   -2.25743E+02   -7.25021E-02
 3.28000E+02   -2.24920E+02   -4.99954E-02
 3.29000E+02   -2.24096E+02   -4.99725E-03
 3.30000E+02   -2.23273E+02   -2.24991E-02
 3.31000E+02   -2.22450E+02   -1.99966E-02
 3.32000E+02   -2.21627E+02   -4.99954E-02
 3.33000E+02   -2.20803E+02    5.24979E-02
 3.34000E+02   -2.19980E+02   -2.99988E-02
 3.35000E+02   -2.19157E+02    7.74994E-02
 3.36000E+02   -2.18333E+02   -2.50015E-02
 3.37000E+02   -2.17510E+02    1.00021E-02
 3.38000E+02   -2.16687E+02    3.25012E-02
 3.39000E+02   -2.15863E+02    1.75018E-02
 3.40000E+02   -2.15040E+02   -1.49994E-02
 3.41000E+02   -2.14217E+02    8.00018E-02
 3.42000E+02   -2.13394E+02    7.49969E-03
 3.43000E+02   -2.12570E+02   -1.75018E-02
 3.44000E+02   -2.11747E+02   -1.99966E-02
 3.45000E+02   -2.10924E+02    5.75027E-02
 3.46000E+02   -2.10100E+02    2.00043E-02
 3.47000E+02   -2.09277E+02   -3.74985E-02
 3.48000E+02   -2.08453E+02   -8.24966E-02
 3.49000E+02   -2.07630E+02   -3.74985E-02
 3.50000E+02   -2.06807E+02   -5.50003E-02
 3.51000E+02   -2.05983E+02   -1.07498E-01
 3.52000E+02   -2.05160E+02   -2.50015E-02
 3.53000E+02   -2.04337E+02   -2.49481E-03
 3.54000E+02   -2.03513E+02   -1.24969E-02
 3.55000E+02   -2.02690E+02    6.75049E-02
 3.56000E+02   -2.01866E+02   -3.25012E-02
 3.57000E+02   -2.01043E+02   -8.75015E-02
 3.58000E+02   -2.00220E+02   -4.75006E-02
 3.59000E+02   -1.99396E+02   -7.25021E-02
 3.60000E+02   -1.98573E+02   -7.25021E-02
 3.61000E+02   -1.97749E+02    3.50037E-02
 3.62000E+02   -1.96926E+02    8.00018E-02
 3.63000E+02   -1.96103E+02    8.00018E-02
 3.64000E+02   -1.95279E+02    2.24991E-02
 3.65000E+02   -1.94456E+02    2.99988E-02
 3.66000E+02   -1.93632E+02    2.50015E-02
 3.67000E+02   -1.92809E+02    4.00009E-02
 3.68000E+02   -1.91985E+02    3.74985E-02
 3.69000E+02   -1.91162E+02    0.00000E+00
 3.70000E+02   -1.90339E+02   -4.49982E-02
 3.71000E+02   -1.89515E+02   -2.99988E-02
 3.72000E+02   -1.88692E+02   -2.49481E-03
 3.73000E+02   -1.87868E+02   -1.49994E-02
 3.74000E+02   -1.87045E+02   -5.24979E-02
 3.75000E+02   -1.86221E+02   -4.24957E-02
 3.76000E+02   -1.85398E+02    4.00009E-02
 3.77000E+02   -1.84574E+02   -1.75018E-02
 3.78000E+02   -1.83751E+02    4.49982E-02
 3.79000E+02   -1.82927E+02   -8.00018E-02
 3.80000E+02   -1.82104E+02    1.25046E-02
 3.81000E+02   -1.81280E+02    9.00040E-02
 3.82000E+02   -1.80457E+02   -4.75006E-02
 3.83000E+02   -1.79633E+02    4.49982E-02
 3.84000E+02   -1.78810E+02    7.25021E-02
 3.85000E+02   -1.77986E+02    2.24991E-02
 3.86000E+02   -1.77163E+02    8.75015E-02
 3.87000E+02   -1.76339E+02    2.00043E-02
 3.88000E+02   -1.75516E+02    2.50244E-03
 3.89000E+02   -1.74692E+02   -1.49994E-02
 3.90000E+02   -1.73869E+02    6.75049E-02
 3.91000E+02   -1.73045E+02    2.75040E-02
 3.92000E+02   -1.72222E+02    4.75006E-02
 3.93000E+02   -1.71398E+02    2.50015E-02
 3.94000E+02   -1.70574E+02    4.00009E-02
 3.95000E+02   -1.69751E+02    2.00043E-02
 3.96000E+02   -1.68927E+02   -1.00021E-02
 3.97000E+02   -1.68104E+02    6.50024E-02
 3.98000E+02   -1.67280E+02    2.99988E-02
 3.99000E+02   -1.66457E+02   -6.25000E-02
 4.00000E+02   -1.65633E+02   -7.74994E-02
 4.01000E+02   -1.64809E+02   -3.49960E-02
 4.02000E+02   -1.63986E+02   -4.00009E-02
 4.03000E+02   -1.63162E+02    2.00043E-02
 4.04000E+02   -1.62339E+02   -8.99963E-02
 4.05000E+02   -1.61515E+02   -4.99954E-02
 4.06000E+02   -1.60691E+02   -8.99963E-02
 4.07000E+02   -1.59868E+02   -4.24957E-02
 4.08000E+02   -1.59044E+02    4.75006E-02
 4.09000E+02   -1.58220E+02    1.75018E-02
 4.10000E+02   -1.57397E+02    2.50244E-03
 4.11000E+02   -1.56573E+02    4.49982E-02
 4.12000E+02   -1.55750E+02    0.00000E+00
 4.13000E+02   -1.54926E+02   -1.49994E-02
 4.14000E+02   -1.54102E+02   -3.49960E-02
 4.15000E+02   -1.53279E+02    7.25021E-02
 4.16000E+02   -1.52455E+02    7.50046E-02
 4.17000E+02   -1.51631E+02    2.50244E-03
 4.18000E+02   -1.50808E+02    2.50015E-02
 4.19000E+02   -1.49984E+02    5.24979E-02
 4.20000E+02   -1.49160E+02    1.07498E-01
 4.21000E+02   -1.48337E+02    2.50015E-02
 4.22000E+02   -1.47513E+02    1.49994E-02
 4.23000E+02   -1.46689E+02    5.00488E-03
 4.24000E+02   -1.45865E+02   -2.24991E-02
 4.25000E+02   -1.45042E+02   -1.24969E-02
 4.26000E+02   -1.44218E+02    5.75027E-02
 4.27000E+02   -1.43394E+02   -1.10001E-01
 4.28000E+02   -1.42571E+02   -5.50003E-02
 4.29000E+02   -1.41747E+02   -4.24957E-02
 4.30000E+02   -1.40923E+02   -1.00021E-02
 4.31000E+02   -1.40100E+02   -5.24979E-02
 4.32000E+02   -1.39276E+02   -7.49969E-02
 4.33000E+02   -1.38452E+02   -4.49982E-02
 4.34000E+02   -1.37628E+02    1.25046E-02
 4.35000E+02   -1.36805E+02   -8.49991E-02
 4.36000E+02   -1.35981E+02    5.00488E-03
 4.37000E+02   -1.35157E+02   -4.49982E-02
 4.38000E+02   -1.34333E+02    2.99988E-02
 4.39000E+02   -1.33510E+02   -1.24969E-02
 4.40000E+02   -1.32686E+02    3.25012E-02
 4.41000E+02   -1.31862E+02   -1.75018E-02
 4.42000E+02   -1.31038E+02    1.25046E-02
 4.43000E+02   -1.30214E+02    4.25034E-02
 4.44000E+02   -1.29391E+02    3.74985E-02
 4.45000E+02   -1.28567E+02    6.25000E-02
 4.46000E+02   -1.27743E+02    9.50012E-02
 4.47000E+02   -1.26919E+02    2.99988E-02
 4.48000E+02   -1.26095E+02    3.25012E-02
 4.49000E+02   -1.25272E+02    6.75049E-02
 4.50000E+02   -1.24448E+02   -4.99954E-02
 4.51000E+02   -1.23624E+02   -5.24979E-02
 4.52000E+02   -1.22800E+02    3.25012E-02
 4.53000E+02   -1.21976E+02    1.25046E-02
 4.54000E+02   -1.21153E+02    0.00000E+00
 4.55000E+02   -1.20329E+02   -1.49994E-02
 4.56000E+02   -1.19505E+02   -6.99997E-02
 4.57000E+02   -1.18681E+02    4.49982E-02
 4.58000E+02   -1.17857E+02    2.24991E-02
 4.59000E+02   -1.17033E+02   -7.49969E-03
 4.60000E+02   -1.16209E+02   -2.99988E-02
 4.61000E+02   -1.15386E+02   -3.74985E-02
 4.62000E+02   -1.14562E+02    6.00052E-02
 4.63000E+02   -1.13738E+02   -3.25012E-02
 4.64000E+02   -1.12914E+02   -2.49481E-03
 4.65000E+02   -1.12090E+02    3.50037E-02
 4.66000E+02   -1.11266E+02    6.00052E-02
 4.67000E+02   -1.10442E+02   -1.24969E-02
 4.68000E+02   -1.09618E+02    3.74985E-02
 4.69000E+02   -1.08795E+02   -4.00009E-02
 4.70000E+02   -1.07971E+02    0.00000E+00
 4.71000E+02   -1.07147E+02   -2.50015E-02
 4.72000E+02   -1.06323E+02   -2.24991E-02
 4.73000E+02   -1.05499E+02   -1.49994E-02
 4.74000E+02   -1.04675E+02    3.50037E-02
 4.75000E+02   -1.03851E+02   -3.49960E-02
 4.76000E+02   -1.03027E+02    6.25000E-02
 4.77000E+02   -1.02203E+02   -3.25012E-02
 4.78000E+02   -1.01379E+02    2.99988E-02
 4.79000E+02   -1.00555E+02   -4.75006E-02
 4.80000E+02   -9.97313E+01   -1.00021E-02
 4.81000E+02   -9.89074E+01   -4.99954E-02
 4.82000E+02   -9.80834E+01    5.50003E-02
 4.83000E+02   -9.72594E+01    3.50037E-02
 4.84000E+02   -9.64355E+01    1.25046E-02
 4.85000E+02   -9.56115E+01    1.75018E-02
 4.86000E+02   -9.47875E+01    2.50244E-03
 4.87000E+02   -9.39635E+01   -5.50003E-02
 4.88000E+02   -9.31396E+01    5.50003E-02
 4.89000E+02   -9.23156E+01   -4.99725E-03
 4.90000E+02   -9.14916E+01    9.75037E-02
 4.91000E+02   -9.06676E+01    9.00040E-02
 4.92000E+02   -8.98436E+01    3.25012E-02
 4.93000E+02   -8.90196E+01   -4.99725E-03
 4.94000E+02   -8.81955E+01    7.25021E-02
 4.95000E+02   -8.73715E+01   -7.49969E-03
 4.96000E+02   -8.65475E+01   -3.49960E-02
 4.97000E+02   -8.57235E+01   -4.99725E-03
 4.98000E+02   -8.48995E+01    4.00009E-02
 4.99000E+02   -8.40754E+01   -4.49982E-02
 5.00000E+02   -8.32514E+01    2.00043E-02
 5.01000E+02   -8.24273E+01    1.25046E-02
 5.02000E+02   -8.16033E+01    6.75049E-02
 5.03000E+02   -8.07792E+01    6.25000E-02
 5.04000E+02   -7.99552E+01    2.00043E-02
 5.05000E+02   -7.91311E+01   -7.25021E-02
 5.06000E+02   -7.83070E+01   -6.49948E-02
 5.07000E+02   -7.74830E+01   -4.99725E-03
 5.08000E+02   -7.66589E+01   -4.75006E-02
 5.09000E+02   -7.58348E+01    5.00488E-03
 5.10000E+02   -7.50107E+01    3.50037E-02
 5.11000E+02   -7.41866E+01    5.00488E-03
 5.12000E+02   -7.33625E+01   -1.00021E-02
 5.13000E+02   -7.25384E+01   -1.24969E-02
 5.14000E+02   -7.17143E+01    1.05003E-01
 5.15000E+02   -7.08902E+01    1.49994E-02
 5.16000E+02   -7.00661E+01    2.75040E-02
 5.17000E+02   -6.92420E+01    6.00052E-02
 5.18000E+02   -6.84179E+01    2.24991E-02
 5.19000E+02   -6.75938E+01    2.50244E-03
 5.20000E+02   -6.67696E+01    5.75027E-02
 5.21000E+02   -6.59455E+01    8.75015E-02
 5.22000E+02   -6.51214E+01    5.50003E-02
 5.23000E+02   -6.42972E+01    1.02501E-01
 5.24000E+02   -6.34731E+01    1.49994E-02
 5.25000E+02   -6.26489E+01    1.75018E-02
 5.26000E+02   -6.18247E+01   -8.24966E-02
 5.27000E+02   -6.10006E+01    5.75027E-02
 5.28000E+02   -6.01764E+01    8.00018E-02
 5.29000E+02   -5.93522E+01    2.75040E-02
 5.30000E+02   -5.85281E+01   -1.99966E-02
 5.31000E+02   -5.77039E+01    1.12503E-01
 5.32000E+02   -5.68797E+01    4.00009E-02
 5.33000E+02   -5.60555E+01   -7.49969E-03
 5.34000E+02   -5.52313E+01    5.24979E-02
 5.35000E+02   -5.44071E+01    6.75049E-02
 5.36000E+02   -5.35829E+01    5.75027E-02
 5.37000E+02   -5.27587E+01    6.50024E-02
 5.38000E+02   -5.19345E+01    6.75049E-02
 5.39000E+02   -5.11103E+01    1.07498E-01
 5.40000E+02   -5.02861E+01    6.75049E-02
 5.41000E+02   -4.94618E+01    1.00021E-02
 5.42000E+02   -4.86376E+01    5.00488E-03
 5.43000E+02   -4.78134E+01    7.49969E-03
 5.44000E+02   -4.69891E+01    8.00018E-02
 5.45000E+02   -4.61649E+01    7.50046E-02
 5.46000E+02   -4.53406E+01    9.99985E-02
 5.47000E+02   -4.45164E+01    8.75015E-02
 5.48000E+02   -4.36921E+01    1.39999E-01
 5.49000E+02   -4.28679E+01    7.25021E-02
 5.50000E+02   -4.20436E+01    1.47499E-01
 5.51000E+02   -4.12193E+01    1.80000E-01
 5.52000E+02   -4.03951E+01    1.87500E-01
 5.53000E+02   -3.95708E+01    2.62505E-01
 5.54000E+02   -3.87465E+01    3.07503E-01
 5.55000E+02   -3.79222E+01    3.00003E-01
 5.56000E+02   -3.70979E+01    4.47502E-01
 5.57000E+02   -3.62736E+01    5.20004E-01
 5.58000E+02   -3.54493E+01    5.62500E-01
 5.59000E+02   -3.46250E+01    5.77499E-01
 5.60000E+02   -3.38007E+01    7.60002E-01
 5.61000E+02   -3.29764E+01    8.34999E-01
 5.62000E+02   -3.21521E+01    9.55002E-01
 5.63000E+02   -3.13277E+01    1.04250E+00
 5.64000E+02   -3.05034E+01    1.16500E+00
 5.65000E+02   -2.96791E+01    1.35000E+00
 5.66000E+02   -2.88547E+01    1.40250E+00
 5.67000E+02   -2.80304E+01    1.52000E+00
 5.68000E+02   -2.72060E+01    1.69000E+00
 5.69000E+02   -2.63817E+01    1.82500E+00
 5.70000E+02   -2.55573E+01    1.96000E+00
 5.71000E+02   -2.47330E+01    2.10000E+00
 5.72000E+02   -2.39086E+01    2.25250E+00
 5.73000E+02   -2.30842E+01    2.56001E+00
 5.74000E+02   -2.22598E+01    2.82000E+00
 5.75000E+02   -2.14355E+01    3.04000E+00
 5.76000E+02   -2.06111E+01    3.49751E+00
 5.77000E+02   -1.97867E+01    3.86000E+00
 5.78000E+02   -1.89623E+01    4.22000E+00
 5.79000E+02   -1.81379E+01    4.65250E+00
 5.80000E+02   -1.73135E+01    5.20000E+00
 5.81000E+02   -1.64891E+01    5.77250E+00
 5.82000E+02   -1.56647E+01    6.67750E+00
 5.83000E+02   -1.48403E+01    7.95250E+00
 5.84000E+02   -1.40158E+01    9.98000E+00
 5.85000E+02   -1.31914E+01    1.32125E+01
 5.86000E+02   -1.23670E+01    1.89075E+01
 5.87000E+02   -1.15426E+01    2.91600E+01
 5.88000E+02   -1.07181E+01    4.23250E+01
 5.89000E+02   -9.89367E+00    5.29025E+01
 5.90000E+02   -9.06922E+00    5.86325E+01
 5.91000E+02   -8.24477E+00    6.11575E+01
 5.92000E+02   -7.42031E+00    6.03700E+01
 5.93000E+02   -6.59585E+00    5.52525E+01
 5.94000E+02   -5.77139E+00    4.55375E+01
 5.95000E+02   -4.94692E+00    3.70925E+01
 5.96000E+02   -4.12244E+00    3.35475E+01
 5.97000E+02   -3.29796E+00    3.23850E+01
 5.98000E+02   -2.47348E+00    3.29750E+01
 5.99000E+02   -1.64899E+00    3.44900E+01
 6.00000E+02   -8.24495E-01    3.65175E+01
 6.01000E+02    2.38419E-06    3.86425E+01
 6.02000E+02    8.24505E-01    4.07250E+01
 6.03000E+02    1.64901E+00    4.26350E+01
 6.04000E+02    2.47352E+00    4.37200E+01
 6.05000E+02    3.29804E+00    4.26650E+01
 6.06000E+02    4.12256E+00    3.89400E+01
 6.07000E+02    4.94708E+00    2.86975E+01
 6.08000E+02    5.77161E+00    1.81550E+01
 6.09000E+02    6.59615E+00    1.32275E+01
 6.10000E+02    7.42069E+00    9.42750E+00
 6.11000E+02    8.24523E+00    6.37000E+00
 6.12000E+02    9.06978E+00    4.36750E+00
 6.13000E+02    9.89433E+00    3.35250E+00
 6.14000E+02    1.07189E+01    2.49000E+00
 6.15000E+02    1.15434E+01    1.96500E+00
 6.16000E+02    1.23680E+01    1.54750E+00
 6.17000E+02    1.31926E+01    1.28500E+00
 6.18000E+02    1.40172E+01    9.52499E-01
 6.19000E+02    1.48417E+01    8.12500E-01
 6.20000E+02    1.56663E+01    6.42502E-01
 6.21000E+02    1.64909E+01    6.47499E-01
 6.22000E+02    1.73155E+01    4.92500E-01
 6.23000E+02    1.81401E+01    4.32503E-01
 6.24000E+02    1.89647E+01    3.37502E-01
 6.25000E+02    1.97893E+01    3.25005E-01
 6.26000E+02    2.06139E+01    3.40004E-01
 6.27000E+02    2.14385E+01    3.47504E-01
 6.28000E+02    2.22632E+01    2.92503E-01
 6.29000E+02    2.30878E+01    1.82503E-01
 6.30000E+02    2.39124E+01    2.12502E-01
 6.31000E+02    2.47370E+01    2.20001E-01
 6.32000E+02    2.55617E+01    2.75002E-01
 6.33000E+02    2.63863E+01    1.42502E-01
 6.34000E+02    2.72110E+01    1.45004E-01
 6.35000E+02    2.80356E+01    1.97502E-01
 6.36000E+02    2.88603E+01    1.17500E-01
 6.37000E+02    2.96849E+01    1.39999E-01
 6.38000E+02    3.05096E+01    9.50012E-02
 6.39000E+02    3.13343E+01    5.75027E-02
 6.40000E+02    3.21590E+01    1.85005E-01
 6.41000E+02    3.29836E+01    1.30005E-01
 6.42000E+02    3.38083E+01    5.24979E-02
 6.43000E+02    3.46330E+01    1.30005E-01
 6.44000E+02    3.54577E+01    1.20003E-01
 6.45000E+02    3.62824E+01    1.22505E-01
 6.46000E+02    3.71071E+01    8.00018E-02
 6.47000E+02    3.79318E+01    1.72501E-01
 6.48000E+02    3.87565E+01    1.75003E-01
 6.49000E+02    3.95812E+01    8.25043E-02
 6.50000E+02    4.04059E+01    8.49991E-02
 6.51000E+02    4.12307E+01    1.14998E-01
 6.52000E+02    4.20554E+01    1.12503E-01
 6.53000E+02    4.28801E+01    8.00018E-02
 6.54000E+02    4.37049E+01   -4.99725E-03
 6.55000E+02    4.45296E+01    8.00018E-02
 6.56000E+02    4.53544E+01    8.49991E-02
 6.57000E+02    4.61791E+01    6.50024E-02
 6.58000E+02    4.70039E+01    9.75037E-02
 6.59000E+02    4.78286E+01    7.25021E-02
 6.60000E+02    4.86534E+01   -4.00009E-02
 6.61000E+02    4.94782E+01    3.74985E-02
 6.62000E+02    5.03029E+01    6.50024E-02
 6.63000E+02    5.11277E+01    2.00043E-02
 6.64000E+02    5.19525E+01    2.24991E-02
 6.65000E+02    5.27773E+01    2.50244E-03
 6.66000E+02    5.36021E+01    7.49969E-03
 6.67000E+02    5.44269E+01    5.00031E-02
 6.68000E+02    5.52517E+01    5.75027E-02
 6.69000E+02    5.60765E+01    2.00043E-02
 6.70000E+02    5.69013E+01    1.00021E-02
 6.71000E+02    5.77261E+01    3.74985E-02
 6.72000E+02    5.85509E+01    5.24979E-02
 6.73000E+02    5.93758E+01    1.25046E-02
 6.74000E+02    6.02006E+01    1.22505E-01
 6.75000E+02    6.10254E+01    1.32500E-01
 6.76000E+02    6.18503E+01    1.02501E-01
 6.77000E+02    6.26751E+01   -4.00009E-02
 6.78000E+02    6.35000E+01    5.50003E-02
 6.79000E+02    6.43248E+01    4.25034E-02
 6.80000E+02    6.51497E+01    7.74994E-02
 6.81000E+02    6.59745E+01    7.50046E-02
 6.82000E+02    6.67994E+01   -1.24969E-02
 6.83000E+02    6.76243E+01    2.00043E-02
 6.84000E+02    6.84491E+01    6.75049E-02
 6.85000E+02    6.92740E+01    2.75040E-02
 6.86000E+02    7.00989E+01   -2.24991E-02
 6.87000E+02    7.09238E+01    3.74985E-02
 6.88000E+02    7.17487E+01    3.50037E-02
 6.89000E+02    7.25736E+01    9.00040E-02
 6.90000E+02    7.33985E+01    5.00031E-02
 6.91000E+02    7.42234E+01    1.25046E-02
 6.92000E+02    7.50483E+01    2.99988E-02
 6.93000E+02    7.58732E+01   -1.99966E-02
 6.94000E+02    7.66981E+01    6.99997E-02
 6.95000E+02    7.75230E+01   -2.49481E-03
 6.96000E+02    7.83480E+01    7.74994E-02
 6.97000E+02    7.91729E+01   -4.99725E-03
 6.98000E+02    7.99978E+01    2.00043E-02
 6.99000E+02    8.08228E+01    6.25000E-02
 7.00000E+02    8.16477E+01    8.49991E-02
 7.01000E+02    8.24727E+01    4.25034E-02
 7.02000E+02    8.32976E+01    6.00052E-02
 7.03000E+02    8.41226E+01    0.00000E+00
 7.04000E+02    8.49476E+01    9.99985E-02
 7.05000E+02    8.57725E+01    1.25046E-02
 7.06000E+02    8.65975E+01    7.25021E-02
 7.07000E+02    8.74225E+01    1.25046E-02
 7.08000E+02    8.82475E+01    5.50003E-02
 7.09000E+02    8.90725E+01    3.25012E-02
 7.10000E+02    8.98975E+01    6.75049E-02
 7.11000E+02    9.07225E+01    1.00021E-02
 7.12000E+02    9.15475E+01   -1.99966E-02
 7.13000E+02    9.23725E+01   -4.24957E-02
 7.14000E+02    9.31975E+01    1.17500E-01
 7.15000E+02    9.40225E+01    4.25034E-02
 7.16000E+02    9.48475E+01    3.25012E-02
 7.17000E+02    9.56725E+01    5.75027E-02
 7.18000E+02    9.64976E+01    2.99988E-02
 7.19000E+02    9.73226E+01    1.49994E-02
 7.20000E+02    9.81476E+01    8.00018E-02
 7.21000E+02    9.89727E+01   -4.99725E-03
 7.22000E+02    9.97977E+01    1.49994E-02
 7.23000E+02    1.00623E+02   -3.49960E-02
 7.24000E+02    1.01448E+02    3.25012E-02
 7.25000E+02    1.02273E+02    2.24991E-02
 7.26000E+02    1.03098E+02    5.75027E-02
 7.27000E+02    1.03923E+02   -4.99725E-03
 7.28000E+02    1.04748E+02    2.24991E-02
 7.29000E+02    1.05573E+02   -7.49969E-03
 7.30000E+02    1.06398E+02    5.00488E-03
 7.31000E+02    1.07223E+02    1.49994E-02
 7.32000E+02    1.08048E+02    2.50015E-02
 7.33000E+02    1.08874E+02    2.24991E-02
 7.34000E+02    1.09699E+02    7.49969E-03
 7.35000E+02    1.10524E+02    1.25046E-02
 7.36000E+02    1.11349E+02    2.50244E-03
 7.37000E+02    1.12174E+02   -2.99988E-02
 7.38000E+02    1.12999E+02    3.25012E-02
 7.39000E+02    1.13824E+02    2.24991E-02
 7.40000E+02    1.14649E+02   -2.49481E-03
 7.41000E+02    1.15474E+02    2.99988E-02
 7.42000E+02    1.16300E+02   -5.24979E-02
 7.43000E+02    1.17125E+02   -5.99976E-02
 7.44000E+02    1.17950E+02    7.49969E-03
 7.45000E+02    1.18775E+02    4.49982E-02
 7.46000E+02    1.19600E+02    4.25034E-02
 7.47000E+02    1.20425E+02   -2.24991E-02
 7.48000E+02    1.21251E+02   -6.25000E-02
 7.49000E+02    1.22076E+02   -2.49481E-03
 7.50000E+02    1.22901E+02   -2.49481E-03
 7.51000E+02    1.23726E+02   -3.49960E-02
 7.52000E+02    1.24551E+02   -1.75018E-02
 7.53000E+02    1.25376E+02    2.50015E-02
 7.54000E+02    1.26202E+02   -1.75018E-02
 7.55000E+02    1.27027E+02   -3.25012E-02
 7.56000E+02    1.27852E+02    1.25046E-02
 7.57000E+02    1.28677E+02    6.00052E-02
 7.58000E+02    1.29502E+02   -3.49960E-02
 7.59000E+02    1.30328E+02   -1.24969E-02
 7.60000E+02    1.31153E+02    3.50037E-02
 7.61000E+02    1.31978E+02   -3.25012E-02
 7.62000E+02    1.32803E+02   -6.74973E-02
 7.63000E+02    1.33629E+02    5.00031E-02
 7.64000E+02    1.34454E+02   -1.24969E-02
 7.65000E+02    1.35279E+02    1.00021E-02
 7.66000E+02    1.36104E+02   -2.49481E-03
 7.67000E+02    1.36930E+02   -5.50003E-02
 7.68000E+02    1.37755E+02    1.25046E-02
 7.69000E+02    1.38580E+02   -5.74951E-02
 7.70000E+02    1.39405E+02    1.75018E-02
 7.71000E+02    1.40231E+02    1.75018E-02
 7.72000E+02    1.41056E+02   -4.00009E-02
 7.73000E+02    1.41881E+02    7.25021E-02
 7.74000E+02    1.42706E+02    4.25034E-02
 7.75000E+02    1.43532E+02   -7.49969E-03
 7.76000E+02    1.44357E+02    5.00488E-03
 7.77000E+02    1.45182E+02    3.50037E-02
 7.78000E+02    1.46008E+02    3.74985E-02
 7.79000E+02    1.46833E+02   -7.74994E-02
 7.80000E+02    1.47658E+02    3.74985E-02
 7.81000E+02    1.48484E+02   -6.49948E-02
 7.82000E+02    1.49309E+02    3.25012E-02
 7.83000E+02    1.50134E+02   -2.50015E-02
 7.84000E+02    1.50959E+02    3.25012E-02
 7.85000E+02    1.51785E+02    2.50244E-03
 7.86000E+02    1.52610E+02   -4.49982E-02
 7.87000E+02    1.53436E+02   -4.99725E-03
 7.88000E+02    1.54261E+02    4.49982E-02
 7.89000E+02    1.55086E+02    2.00043E-02
 7.90000E+02    1.55912E+02   -2.24991E-02
 7.91000E+02    1.56737E+02   -4.24957E-02
 7.92000E+02    1.57562E+02    2.00043E-02
 7.93000E+02    1.58388E+02   -3.25012E-02
 7.94000E+02    1.59213E+02   -2.49481E-03
 7.95000E+02    1.60038E+02    3.25012E-02
 7.96000E+02    1.60864E+02    2.00043E-02
 7.97000E+02    1.61689E+02   -2.99988E-02
 7.98000E+02    1.62515E+02    3.25012E-02
 7.99000E+02    1.63340E+02   -1.99966E-02
 8.00000E+02    1.64165E+02   -2.99988E-02
 8.01000E+02    1.64991E+02   -7.74994E-02
 8.02000E+02    1.65816E+02   -2.24991E-02
 8.03000E+02    1.66642E+02    1.75018E-02
 8.04000E+02    1.67467E+02   -2.99988E-02
 8.05000E+02    1.68292E+02   -3.49960E-02
 8.06000E+02    1.69118E+02   -3.74985E-02
 8.07000E+02    1.69943E+02   -4.24957E-02
 8.08000E+02    1.70769E+02   -6.74973E-02
 8.09000E+02    1.71594E+02   -3.25012E-02
 8.10000E+02    1.72420E+02    7.25021E-02
 8.11000E+02    1.73245E+02   -4.49982E-02
 8.12000E+02    1.74071E+02   -1.75018E-02
 8.13000E+02    1.74896E+02   -2.24991E-02
 8.14000E+02    1.75721E+02    5.50003E-02
 8.15000E+02    1.76547E+02   -8.24966E-02
 8.16000E+02    1.77372E+02   -5.50003E-02
 8.17000E+02    1.78198E+02    6.00052E-02
 8.18000E+02    1.79023E+02    7.49969E-03
 8.19000E+02    1.79849E+02   -2.24991E-02
 8.20000E+02    1.80674E+02   -2.50015E-02
 8.21000E+02    1.81500E+02    1.25046E-02
 8.22000E+02    1.82325E+02    2.75040E-02
 8.23000E+02    1.83151E+02    4.49982E-02
 8.24000E+02    1.83976E+02    7.74994E-02
 8.25000E+02    1.84802E+02   -7.49969E-03
 8.26000E+02    1.85627E+02   -4.24957E-02
 8.27000E+02    1.86453E+02    2.75040E-02
 8.28000E+02    1.87278E+02   -9.24988E-02
 8.29000E+02    1.88104E+02    0.00000E+00
 8.30000E+02    1.88929E+02    2.50015E-02
 8.31000E+02    1.89755E+02   -4.99725E-03
 8.32000E+02    1.90581E+02   -2.50015E-02
 8.33000E+02    1.91406E+02   -3.49960E-02
 8.34000E+02    1.92232E+02    5.00488E-03
 8.35000E+02    1.93057E+02    8.49991E-02
 8.36000E+02    1.93883E+02   -4.24957E-02
 8.37000E+02    1.94708E+02   -1.99966E-02
 8.38000E+02    1.95534E+02    5.00031E-02
 8.39000E+02    1.96360E+02    6.25000E-02
 8.40000E+02    1.97185E+02   -4.99725E-03
 8.41000E+02    1.98011E+02   -1.75018E-02
 8.42000E+02    1.98836E+02   -4.99725E-03
 8.43000E+02    1.99662E+02   -1.49994E-02
 8.44000E+02    2.00488E+02    2.00043E-02
 8.45000E+02    2.01313E+02    5.00488E-03
 8.46000E+02    2.02139E+02   -4.00009E-02
 8.47000E+02    2.02964E+02    2.24991E-02
 8.48000E+02    2.03790E+02    1.49994E-02
 8.49000E+02    2.04616E+02    8.00018E-02
 8.50000E+02    2.05441E+02   -7.49969E-03
 8.51000E+02    2.06267E+02    7.25021E-02
 8.52000E+02    2.07092E+02    2.75040E-02
 8.53000E+02    2.07918E+02    9.99985E-02
 8.54000E+02    2.08744E+02   -3.74985E-02
 8.55000E+02    2.09569E+02    6.99997E-02
 8.56000E+02    2.10395E+02    2.99988E-02
 8.57000E+02    2.11221E+02    6.00052E-02
 8.58000E+02    2.12046E+02   -9.50012E-02
 8.59000E+02    2.12872E+02   -2.74963E-02
 8.60000E+02    2.13698E+02   -1.00021E-02
 8.61000E+02    2.14523E+02   -7.49969E-02
 8.62000E+02    2.15349E+02    6.99997E-02
 8.63000E+02    2.16175E+02   -2.50015E-02
 8.64000E+02    2.17000E+02    5.00488E-03
 8.65000E+02    2.17826E+02    2.75040E-02
 8.66000E+02    2.18652E+02    2.00043E-02
 8.67000E+02    2.19478E+02    4.49982E-02
 8.68000E+02    2.20303E+02   -1.75018E-02
 8.69000E+02    2.21129E+02   -7.49969E-03
 8.70000E+02    2.21955E+02    4.00009E-02
 8.71000E+02    2.22780E+02   -2.99988E-02
 8.72000E+02    2.23606E+02   -6.74973E-02
 8.73000E+02    2.24432E+02    2.75040E-02
 8.74000E+02    2.25258E+02    5.00488E-03
 8.75000E+02    2.26083E+02    5.75027E-02
 8.76000E+02    2.26909E+02    5.24979E-02
 8.77000E+02    2.27735E+02    4.25034E-02
 8.78000E+02    2.28561E+02    9.24988E-02
 8.79000E+02    2.29386E+02   -8.24966E-02
 8.80000E+02    2.30212E+02    2.99988E-02
 8.81000E+02    2.31038E+02    9.24988E-02
 8.82000E+02    2.31864E+02    2.24991E-02
 8.83000E+02    2.32689E+02   -1.24969E-02
 8.84000E+02    2.33515E+02   -1.24969E-02
 8.85000E+02    2.34341E+02   -4.99725E-03
 8.86000E+02    2.35167E+02    2.24991E-02
 8.87000E+02    2.35993E+02    8.75015E-02
 8.88000E+02    2.36818E+02    3.74985E-02
 8.89000E+02    2.37644E+02   -4.75006E-02
 8.90000E+02    2.38470E+02    1.75018E-02
 8.91000E+02    2.39296E+02   -9.74960E-02
 8.92000E+02    2.40122E+02   -7.25021E-02
 8.93000E+02    2.40948E+02   -1.24969E-02
 8.94000E+02    2.41773E+02   -7.49969E-02
 8.95000E+02    2.42599E+02    3.74985E-02
 8.96000E+02    2.43425E+02    6.25000E-02
 8.97000E+02    2.44251E+02    4.75006E-02
 8.98000E+02    2.45077E+02    3.25012E-02
 8.99000E+02    2.45903E+02    2.24991E-02
 9.00000E+02    2.46728E+02    1.12503E-01
 9.01000E+02    2.47554E+02    8.00018E-02
 9.02000E+02    2.48380E+02   -5.50003E-02
 9.03000E+02    2.49206E+02   -4.99725E-03
 9.04000E+02    2.50032E+02    5.00488E-03
 9.05000E+02    2.50858E+02    1.00021E-02
 9.06000E+02    2.51684E+02    2.99988E-02
 9.07000E+02    2.52510E+02    2.50015E-02
 9.08000E+02    2.53335E+02   -7.49969E-03
 9.09000E+02    2.54161E+02    2.00043E-02
 9.10000E+02    2.54987E+02   -4.99954E-02
 9.11000E+02    2.55813E+02    1.49994E-02
 9.12000E+02    2.56639E+02    2.50244E-03
 9.13000E+02    2.57465E+02    2.50015E-02
 9.14000E+02    2.58291E+02   -3.49960E-02
 9.15000E+02    2.59117E+02   -2.24991E-02
 9.16000E+02    2.59943E+02    3.25012E-02
 9.17000E+02    2.60769E+02    7.50046E-02
 9.18000E+02    2.61595E+02    6.00052E-02
 9.19000E+02    2.62421E+02    2.75040E-02
 9.20000E+02    2.63246E+02    5.00031E-02
 9.21000E+02    2.64072E+02    1.75018E-02
 9.22000E+02    2.64898E+02   -2.24991E-02
 9.23000E+02    2.65724E+02   -1.24969E-02
 9.24000E+02    2.66550E+02   -4.24957E-02
 9.25000E+02    2.67376E+02   -1.75018E-02
 9.26000E+02    2.68202E+02   -4.99725E-03
 9.27000E+02    2.69028E+02   -7.74994E-02
 9.28000E+02    2.69854E+02    2.75040E-02
 9.29000E+02    2.70680E+02   -7.49969E-03
 9.30000E+02    2.71506E+02   -1.24969E-02
 9.31000E+02    2.72332E+02    1.00021E-02
 9.32000E+02    2.73158E+02   -1.75018E-02
 9.33000E+02    2.73984E+02   -2.24991E-02
 9.34000E+02    2.74810E+02    2.99988E-02
 9.35000E+02    2.75636E+02    1.75018E-02
 9.36000E+02    2.76462E+02   -2.49481E-03
 9.37000E+02    2.77288E+02    5.75027E-02
 9.38000E+02    2.78114E+02    1.25046E-02
 9.39000E+02    2.78940E+02   -1.00021E-02
 9.40000E+02    2.79766E+02    4.49982E-02
 9.41000E+02    2.80592E+02   -2.49481E-03
 9.42000E+02    2.81418E+02   -4.49982E-02
 9.43000E+02    2.82244E+02   -2.74963E-02
 9.44000E+02    2.83071E+02    6.75049E-02
 9.45000E+02    2.83897E+02    5.50003E-02
 9.46000E+02    2.84723E+02   -1.00021E-02
 9.47000E+02    2.85549E+02    2.99988E-02
 9.48000E+02    2.86375E+02    2.75040E-02
 9.49000E+02    2.87201E+02    1.25046E-02
 9.50000E+02    2.88027E+02   -1.50002E-01
 9.51000E+02    2.88853E+02   -2.24991E-02
 9.52000E+02    2.89679E+02    1.00021E-02
 9.53000E+02    2.90505E+02    3.25012E-02
 9.54000E+02    2.91331E+02    2.50015E-02
 9.55000E+02    2.92157E+02    5.50003E-02
 9.56000E+02    2.92984E+02   -1.75018E-02
 9.57000E+02    2.93810E+02    7.50046E-02
 9.58000E+02    2.94636E+02    1.00021E-02
 9.59000E+02    2.95462E+02    5.00488E-03
 9.60000E+02    2.96288E+02   -1.24969E-02
 9.61000E+02    2.97114E+02    2.24991E-02
 9.62000E+02    2.97940E+02   -2.24991E-02
 9.63000E+02    2.98766E+02    7.49969E-03
 9.64000E+02    2.99593E+02   -1.49994E-02
 9.65000E+02    3.00419E+02   -1.75018E-02
 9.66000E+02    3.01245E+02   -4.00009E-02
 9.67000E+02    3.02071E+02   -1.00021E-02
 9.68000E+02    3.02897E+02   -1.00021E-02
 9.69000E+02    3.03723E+02    8.25043E-02
 9.70000E+02    3.04550E+02    4.75006E-02
 9.71000E+02    3.05376E+02   -5.99976E-02
 9.72000E+02    3.06202E+02   -2.99988E-02
 9.73000E+02    3.07028E+02    2.50244E-03
 9.74000E+02    3.07854E+02    0.00000E+00
 9.75000E+02    3.08681E+02    5.75027E-02
 9.76000E+02    3.09507E+02   -1.00021E-02
 9.77000E+02    3.10333E+02    1.75018E-02
 9.78000E+02    3.11159E+02    1.30005E-01
 9.79000E+02    3.11985E+02    8.49991E-02
 9.80000E+02    3.12812E+02   -3.25012E-02
 9.81000E+02    3.13638E+02   -1.19995E-01
 9.82000E+02    3.14464E+02   -6.25000E-02
 9.83000E+02    3.15290E+02   -2.99988E-02
 9.84000E+02    3.16116E+02   -1.00021E-02
 9.85000E+02    3.16943E+02    0.00000E+00
 9.86000E+02    3.17769E+02    7.25021E-02
 9.87000E+02    3.18595E+02   -1.49994E-02
 9.88000E+02    3.19421E+02    4.49982E-02
 9.89000E+02    3.20248E+02   -2.49481E-03
 9.90000E+02    3.21074E+02    1.75018E-02
 9.91000E+02    3.21900E+02   -3.74985E-02
 9.92000E+02    3.22727E+02   -6.25000E-02
 9.93000E+02    3.23553E+02   -1.25000E-01
 9.94000E+02    3.24379E+02    5.00488E-03
 9.95000E+02    3.25205E+02   -6.74973E-02
 9.96000E+02    3.26032E+02   -2.74963E-02
 9.97000E+02    3.26858E+02   -4.99725E-03
 9.98000E+02    3.27684E+02    2.00043E-02
 9.99000E+02    3.28511E+02   -7.49969E-03
 1.00000E+03    3.29337E+02   -3.74985E-02
 1.00100E+03    3.30163E+02   -3.49960E-02
 1.00200E+03    3.30990E+02   -4.00009E-02
 1.00300E+03    3.31816E+02   -5.74951E-02
 1.00400E+03    3.32642E+02   -2.99988E-02
 1.00500E+03    3.33469E+02    7.25021E-02
 1.00600E+03    3.34295E+02   -6.74973E-02
 1.00700E+03    3.35121E+02    7.49969E-03
 1.00800E+03    3.35948E+02   -4.75006E-02
 1.00900E+03    3.36774E+02    4.49982E-02
 1.01000E+03    3.37600E+02    5.00031E-02
 1.01100E+03    3.38427E+02    1.00021E-02
 1.01200E+03    3.39253E+02    2.00043E-02
 1.01300E+03    3.40079E+02    6.25000E-02
 1.01400E+03    3.40906E+02   -4.75006E-02
 1.01500E+03    3.41732E+02   -2.49481E-03
 1.01600E+03    3.42559E+02    8.49991E-02
 1.01700E+03    3.43385E+02   -5.99976E-02
 1.01800E+03    3.44211E+02    1.00021E-02
 1.01900E+03    3.45038E+02    6.25000E-02
 1.02000E+03    3.45864E+02   -8.99963E-02
 1.02100E+03    3.46690E+02    1.00021E-02
 1.02200E+03    3.47517E+02    4.25034E-02
 1.02300E+03    3.48343E+02   -7.25021E-02
 1.02400E+03    3.49170E+02   -8.24966E-02
 1.02500E+03    3.49996E+02    2.99988E-02
 1.02600E+03    3.50823E+02   -4.99954E-02
 1.02700E+03    3.51649E+02   -5.50003E-02
 1.02800E+03    3.52475E+02   -6.25000E-02
 1.02900E+03    3.53302E+02    1.00021E-02
 1.03000E+03    3.54128E+02   -1.00021E-02
 1.03100E+03    3.54955E+02    6.75049E-02
 1.03200E+03    3.55781E+02    1.49994E-02
 1.03300E+03    3.56608E+02    7.49969E-03
 1.03400E+03    3.57434E+02    1.00021E-02
 1.03500E+03    3.58261E+02    5.75027E-02
 1.03600E+03    3.59087E+02   -9.99985E-02
 1.03700E+03    3.59914E+02    1.00021E-02
 1.03800E+03    3.60740E+02   -7.49969E-03
 1.03900E+03    3.61567E+02    5.00488E-03
 1.04000E+03    3.62393E+02    2.00043E-02
 1.04100E+03    3.63220E+02    7.49969E-03
 1.04200E+03    3.64046E+02   -1.75018E-02
 1.04300E+03    3.64873E+02    6.00052E-02
 1.04400E+03    3.65699E+02   -7.49969E-03
 1.04500E+03    3.66526E+02   -6.49948E-02
 1.04600E+03    3.67352E+02   -2.24991E-02
 1.04700E+03    3.68179E+02    1.75018E-02
 1.04800E+03    3.69005E+02   -1.75018E-02
 1.04900E+03    3.69832E+02    7.50046E-02
 1.05000E+03    3.70658E+02   -1.02501E-01
 1.05100E+03    3.71485E+02   -2.99988E-02
 1.05200E+03    3.72311E+02    1.49994E-02
 1.05300E+03    3.73138E+02   -6.74973E-02
 1.05400E+03    3.73964E+02   -7.49969E-03
 1.05500E+03    3.74791E+02    7.50046E-02
 1.05600E+03    3.75618E+02    2.99988E-02
 1.05700E+03    3.76444E+02    8.75015E-02
 1.05800E+03    3.77271E+02    5.24979E-02
 1.05900E+03    3.78097E+02   -2.49481E-03
 1.06000E+03    3.78924E+02    6.25000E-02
 1.06100E+03    3.79750E+02   -2.50015E-02
 1.06200E+03    3.80577E+02   -4.24957E-02
 1.06300E+03    3.81404E+02    7.49969E-03
 1.06400E+03    3.82230E+02   -1.00021E-02
 1.06500E+03    3.83057E+02    3.25012E-02
 1.06600E+03    3.83883E+02   -1.75018E-02
 1.06700E+03    3.84710E+02   -2.24991E-02
 1.06800E+03    3.85537E+02    2.50015E-02
 1.06900E+03    3.86363E+02    5.00031E-02
 1.07000E+03    3.87190E+02    4.49982E-02
 1.07100E+03    3.88017E+02   -4.99725E-03
 1.07200E+03    3.88843E+02    7.50046E-02
 1.07300E+03    3.89670E+02   -2.49481E-03
 1.07400E+03    3.90496E+02    5.00488E-03
 1.07500E+03    3.91323E+02   -7.49969E-02
 1.07600E+03    3.92150E+02   -5.50003E-02
 1.07700E+03    3.92976E+02    1.49994E-02
 1.07800E+03    3.93803E+02    4.75006E-02
 1.07900E+03    3.94630E+02    5.00031E-02
 1.08000E+03    3.95456E+02    0.00000E+00
 1.08100E+03    3.96283E+02    5.50003E-02
 1.08200E+03    3.97110E+02   -6.25000E-02
 1.08300E+03    3.97937E+02   -5.99976E-02
 1.08400E+03    3.98763E+02   -2.99988E-02
 1.08500E+03    3.99590E+02   -4.00009E-02
 1.08600E+03    4.00417E+02   -1.00021E-02
 1.08700E+03    4.01243E+02    1.25046E-02
 1.08800E+03    4.02070E+02    2.00043E-02
 1.08900E+03    4.02897E+02   -4.99725E-03
 1.09000E+03    4.03723E+02   -2.24991E-02
 1.09100E+03    4.04550E+02   -5.50003E-02
 1.09200E+03    4.05377E+02    6.99997E-02
 1.09300E+03    4.06204E+02    8.25043E-02
 1.09400E+03    4.07030E+02    9.99985E-02
 1.09500E+03    4.07857E+02   -3.49960E-02
 1.09600E+03    4.08684E+02    6.00052E-02
 1.09700E+03    4.09511E+02    3.50037E-02
 1.09800E+03    4.10337E+02   -6.74973E-02
 1.09900E+03    4.11164E+02   -5.24979E-02
 1.10000E+03    4.11991E+02    2.24991E-02
 1.10100E+03    4.12818E+02    1.12503E-01
 1.10200E+03    4.13644E+02    8.00018E-02
 1.10300E+03    4.14471E+02   -5.50003E-02
 1.10400E+03    4.15298E+02   -4.00009E-02
 1.10500E+03    4.16125E+02   -1.49994E-02
 1.10600E+03    4.16952E+02   -4.00009E-02
 1.10700E+03    4.17778E+02   -3.74985E-02
 1.10800E+03    4.18605E+02    0.00000E+00
 1.10900E+03    4.19432E+02    1.49994E-02
 1.11000E+03    4.20259E+02    5.00031E-02
 1.11100E+03    4.21086E+02   -4.00009E-02
 1.11200E+03    4.21912E+02   -6.74973E-02
 1.11300E+03    4.22739E+02    2.99988E-02
 1.11400E+03    4.23566E+02   -2.49481E-03
 1.11500E+03    4.24393E+02    4.00009E-02
 1.11600E+03    4.25220E+02    6.75049E-02
 1.11700E+03    4.26047E+02   -2.49481E-03
 1.11800E+03    4.26873E+02    3.50037E-02
 1.11900E+03    4.27700E+02    1.00021E-02
 1.12000E+03    4.28527E+02    1.49994E-02
 1.12100E+03    4.29354E+02   -1.49994E-02
 1.12200E+03    4.30181E+02    1.49994E-02
 1.12300E+03    4.31008E+02    5.24979E-02
 1.12400E+03    4.31835E+02    8.75015E-02
 1.12500E+03    4.32662E+02    3.25012E-02
 1.12600E+03    4.33488E+02   -1.99966E-02
 1.12700E+03    4.34315E+02   -2.74963E-02
 1.12800E+03    4.35142E+02    1.00021E-02
 1.12900E+03    4.35969E+02    7.49969E-03
 1.13000E+03    4.36796E+02    5.50003E-02
 1.13100E+03    4.37623E+02    6.00052E-02
 1.13200E+03    4.38450E+02    3.25012E-02
 1.13300E+03    4.39277E+02    5.00031E-02
 1.13400E+03    4.40104E+02    4.25034E-02
 1.13500E+03    4.40931E+02   -7.49969E-03
 1.13600E+03    4.41758E+02   -4.00009E-02
 1.13700E+03    4.42584E+02    2.75040E-02
 1.13800E+03    4.43411E+02   -4.75006E-02
 1.13900E+03    4.44238E+02   -9.24988E-02
 1.14000E+03    4.45065E+02    2.99988E-02
 1.14100E+03    4.45892E+02   -1.25000E-01
 1.14200E+03    4.46719E+02   -1.75018E-02
 1.14300E+03    4.47546E+02    3.74985E-02
 1.14400E+03    4.48373E+02   -3.49960E-02
 1.14500E+03    4.49200E+02   -4.00009E-02
 1.14600E+03    4.50027E+02    7.49969E-03
 1.14700E+03    4.50854E+02    5.75027E-02
 1.14800E+03    4.51681E+02   -2.24991E-02
 1.14900E+03    4.52508E+02    6.99997E-02
 1.15000E+03    4.53335E+02    1.02501E-01
 1.15100E+03    4.54162E+02   -5.24979E-02
 1.15200E+03    4.54989E+02   -1.75018E-02
 1.15300E+03    4.55816E+02    2.00043E-02
 1.15400E+03    4.56643E+02   -1.49994E-02
 1.15500E+03    4.57470E+02   -2.50015E-02
 1.15600E+03    4.58297E+02    5.75027E-02
 1.15700E+03    4.59124E+02   -1.24969E-02
 1.15800E+03    4.59951E+02   -1.24969E-02
 1.15900E+03    4.60778E+02    5.50003E-02
 1.16000E+03    4.61605E+02   -1.49994E-02
 1.16100E+03    4.62432E+02    1.49994E-02
 1.16200E+03    4.63259E+02   -5.24979E-02
 1.16300E+03    4.64086E+02    2.24991E-02
 1.16400E+03    4.64913E+02    6.00052E-02
 1.16500E+03    4.65740E+02    2.99988E-02
 1.16600E+03    4.66568E+02    4.00009E-02
 1.16700E+03    4.67395E+02    1.00021E-02
 1.16800E+03    4.68222E+02   -4.75006E-02
 1.16900E+03    4.69049E+02   -8.00018E-02
 1.17000E+03    4.69876E+02    5.24979E-02
 1.17100E+03    4.70703E+02   -7.49969E-02
 1.17200E+03    4.71530E+02   -1.99966E-02
 1.17300E+03    4.72357E+02   -3.25012E-02
 1.17400E+03    4.73184E+02   -3.49960E-02
 1.17500E+03    4.74011E+02    5.00031E-02
 1.17600E+03    4.74838E+02    2.99988E-02
 1.17700E+03    4.75666E+02    4.00009E-02
 1.17800E+03    4.76493E+02    1.49994E-02
 1.17900E+03    4.77320E+02   -2.99988E-02
 1.18000E+03    4.78147E+02    8.00018E-02
 1.18100E+03    4.78974E+02   -4.99954E-02
 1.18200E+03    4.79801E+02   -2.24991E-02
 1.18300E+03    4.80628E+02   -4.49982E-02
 1.18400E+03    4.81455E+02   -2.24991E-02
 1.18500E+03    4.82283E+02   -4.99725E-03
 1.18600E+03    4.83110E+02   -1.75018E-02
 1.18700E+03    4.83937E+02    7.49969E-03
 1.18800E+03    4.84764E+02   -4.99725E-03
 1.18900E+03    4.85591E+02   -1.24969E-02
 1.19000E+03    4.86418E+02    1.49994E-02
 1.19100E+03    4.87246E+02    2.50015E-02
 1.19200E+03    4.88073E+02   -1.47499E-01
 1.19300E+03    4.88900E+02   -8.00018E-02
 1.19400E+03    4.89727E+02    2.50244E-03
 1.19500E+03    4.90554E+02    1.30005E-01
 1.19600E+03    4.91382E+02   -4.99725E-03
 1.19700E+03    4.92209E+02   -1.49994E-02
 1.19800E+03    4.93036E+02    2.75040E-02
 1.19900E+03    4.93863E+02    2.50244E-03
 1.20000E+03    4.94690E+02    2.00043E-02
 1.20100E+03    4.95518E+02    6.75049E-02
