	time [s]	amplitude [m]
0	0.0	-5.494931820502183
1	0.001	6.332804647483597
2	0.002	-0.3572759571752575
3	0.003	6.672537294356769
4	0.004	-2.5466055666261047
5	0.005	-2.880504795505666
6	0.006	4.398071799592026
7	0.007	1.342831605842505
8	0.008	8.324379194213993
9	0.009000000000000001	6.280221750332514
10	0.01	-0.2839526959837726
11	0.011	5.611110134175396
12	0.012	2.871576958449093
13	0.013000000000000001	2.2576447332258005
14	0.014	7.973706691256117
15	0.015	6.439199740876585
16	0.016	-1.0639573583330235
17	0.017	2.7327455305283754
18	0.018000000000000002	-1.0859211872099834
19	0.019	6.550294195301974
20	0.02	-3.4604386024560037
21	0.021	-1.2162518895570082
22	0.022	2.743640130546025
23	0.023	4.571124844460087
24	0.024	-1.4265524249520187
25	0.025	-4.415217830866981
26	0.026000000000000002	3.889539073467682
27	0.027	-0.42207409566516785
28	0.028	1.457443505531929
29	0.029	9.18628632458399
30	0.03	-2.2318731201821946
31	0.031	-8.358146572168934
32	0.032	-0.8864141160555845
33	0.033	7.788698967430538
34	0.034	6.417861868879061
35	0.035	5.971175528345151
36	0.036000000000000004	-1.3774525803909956
37	0.037	-3.8436441532804393
38	0.038	2.5308580143685506
39	0.039	4.239789237020622
40	0.04	2.610914283036965
41	0.041	3.0882918280796057
42	0.042	-1.7637239912339544
43	0.043000000000000003	1.2800129307482575
44	0.044	-4.43809929002455
45	0.045	0.5472557633728966
46	0.046	-0.5055131706579481
47	0.047	-3.196255835785646
48	0.048	-3.949016895240919
49	0.049	4.444933164591039
50	0.05	-0.5182458620056246
51	0.051000000000000004	2.841595407994102
52	0.052000000000000005	-0.22861939235575446
53	0.053	2.7196424994843067
54	0.054	-7.335027416489354
55	0.055	0.6910191914108507
56	0.056	-1.2650143078310259
57	0.057	-7.411631959349537
58	0.058	-1.6189430720086317
59	0.059000000000000004	1.303655306226452
60	0.06	-1.7807419338006265
61	0.061	-1.6571177274216362
62	0.062	-2.424956204927091
63	0.063	-2.504178559801744
64	0.064	-13.06943933569031
65	0.065	0.14775986267330402
66	0.066	-5.305799395169282
67	0.067	-0.919717733805264
68	0.068	4.463232900018006
69	0.069	-3.751263829260969
70	0.07	1.3318706527630042
71	0.07100000000000001	-0.9243087035706976
72	0.07200000000000001	7.115334347838157
73	0.073	-0.6647917994302741
74	0.074	4.783534583189136
75	0.075	9.380666877277491
76	0.076	0.23994552833203597
77	0.077	-0.8105129234644544
78	0.078	8.365361812853154
79	0.079	0.6605012217715284
80	0.08	-0.45231668076056053
81	0.081	-3.079338222806321
82	0.082	-2.293440198686839
83	0.083	-6.22061241990477
84	0.084	10.389280561704792
85	0.085	7.140866396187453
86	0.08600000000000001	2.5821005211897567
87	0.08700000000000001	2.925648015050087
88	0.088	3.1573319218657496
89	0.089	-3.0270102586238505
90	0.09	-4.523538583905827
91	0.091	-1.6438474323439884
92	0.092	-5.331904737248995
93	0.093	0.8029278254382299
94	0.094	-7.863126499051873
95	0.095	-1.0301054573793202
96	0.096	2.1286269671581897
97	0.097	4.0128764883189
98	0.098	3.828318468780761
99	0.099	-4.439923423111059
100	0.1	-5.180755844178309
101	0.101	5.840172817315926
102	0.10200000000000001	-1.3963728965782631
103	0.10300000000000001	-1.2285778721023488
104	0.10400000000000001	-3.523394630827929
105	0.105	3.0128065499731305
106	0.106	-4.206036470142074
107	0.107	-1.6470057567719083
108	0.108	8.129361467686326
109	0.109	3.5640145169822155
110	0.11	5.268761643014514
111	0.111	3.735098759823985
112	0.112	6.352141089348679
113	0.113	6.0268795450222985
114	0.114	-0.08323678758138708
115	0.115	4.658196601133122
116	0.116	5.054306973231653
117	0.117	2.0447589191544644
118	0.11800000000000001	-0.8084908003534315
119	0.11900000000000001	-0.7617342328198915
120	0.12	-1.5913453339483552
121	0.121	-2.5209772588660653
122	0.122	-7.0595724996124
123	0.123	-2.1947011255293685
124	0.124	-3.099474206377213
125	0.125	-1.454390394103325
126	0.126	-5.471584674693226
127	0.127	4.713072360816798
128	0.128	-0.35187432831716436
129	0.129	2.261550531042572
130	0.13	7.708209753379196
131	0.131	-2.3294900136518724
132	0.132	2.037770057145967
133	0.133	3.2418376218584184
134	0.134	-3.7161316434031546
135	0.135	6.917820550093262
136	0.136	-0.033104128532732924
137	0.137	2.6961123624481633
138	0.138	-4.99537646769548
139	0.139	7.987452720459911
140	0.14	-7.424402356315208
141	0.14100000000000001	9.012062976724403
142	0.14200000000000002	0.04738399094075696
143	0.14300000000000002	2.9645645086805805
144	0.14400000000000002	0.8294897488193276
145	0.145	-2.8737250762583346
146	0.146	1.1910603526720231
147	0.147	-0.06498784929598789
148	0.148	6.0736423806550945
149	0.149	2.0710771670987063
150	0.15	3.5754690418910213
151	0.151	-0.793442598079863
152	0.152	-3.2126610185456204
153	0.153	3.2409476915109314
154	0.154	-0.8785822058284429
155	0.155	-1.9456669127792967
156	0.156	-0.05013290746020843
157	0.157	0.23194468060224493
158	0.158	-2.771404053207802
159	0.159	-0.2955982119845995
160	0.16	0.9069942384242703
161	0.161	2.2609864772435064
162	0.162	-7.720950928297969
163	0.163	0.14928228675825297
164	0.164	-5.570589555926875
165	0.165	3.104984971703429
166	0.166	3.0640570366901034
167	0.167	-3.0499853669421317
168	0.168	1.1764576981959642
169	0.169	-5.573569471839834
170	0.17	3.0511679693486187
171	0.171	-4.225319415416378
172	0.17200000000000001	3.076950414571217
173	0.17300000000000001	2.122983445239059
174	0.17400000000000002	-3.2227616628428377
175	0.17500000000000002	-2.095225360122321
176	0.176	3.5999806923697775
177	0.177	-3.857609602755515
178	0.178	1.2296092584963885
179	0.179	-7.115479718669244
180	0.18	-2.015240694725088
181	0.181	-5.6167359757309585
182	0.182	-2.8675803502506083
183	0.183	0.19341104354140765
184	0.184	3.432910197079009
185	0.185	-1.357359586935467
186	0.186	-0.7698653764967107
187	0.187	1.7407670891756846
188	0.188	5.357210248755512
189	0.189	2.7214708469588436
190	0.19	3.2938952812593207
191	0.191	-1.901455796169007
192	0.192	-5.96230809156442
193	0.193	4.929013865156062
194	0.194	-7.423460631954137
195	0.195	-0.4981881505497596
196	0.196	1.2020586391809147
197	0.197	-0.3749531647199643
198	0.198	4.016088096016155
199	0.199	1.0142516784825477
200	0.2	2.495025497653404
201	0.201	4.813087457047464
202	0.202	-7.314414669414945
203	0.203	-2.2394016722447936
204	0.20400000000000001	7.077595872960579
205	0.20500000000000002	1.22147174201788
206	0.20600000000000002	-0.4839451698182091
207	0.20700000000000002	6.406801680552825
208	0.20800000000000002	5.680456279441318
209	0.209	4.0204757326492535
210	0.21	3.623819545687929
211	0.211	-3.890184934690219
212	0.212	2.440701091378476
213	0.213	-2.261763494780552
214	0.214	1.691836327846158
215	0.215	-2.2826616138415243
216	0.216	7.5555040949712104
217	0.217	5.782391872756337
218	0.218	-1.2893981664436311
219	0.219	4.192692014631591
220	0.22	-2.812289107320068
221	0.221	7.148399141855458
222	0.222	1.3255095445119465
223	0.223	-0.5839965009007708
224	0.224	-1.9746659907139152
225	0.225	-1.3194018381575057
226	0.226	-3.5464806281111567
227	0.227	-1.1949877789623393
228	0.228	2.3460011684244155
229	0.229	4.653571770428537
230	0.23	3.209690447005855
231	0.231	1.4666475136270134
232	0.232	-0.2090325371906674
233	0.233	9.066821468422429
234	0.234	-3.3961110347287558
235	0.23500000000000001	-3.753109289892361
236	0.23600000000000002	3.390556573427377
237	0.23700000000000002	0.7585945245430783
238	0.23800000000000002	-4.822196186471878
239	0.23900000000000002	0.6070601550437151
240	0.24	-9.194587133676965
241	0.241	7.758070037967615
242	0.242	6.758036931003639
243	0.243	3.3732322931528973
244	0.244	-1.5114598735598803
245	0.245	4.409342844683999
246	0.246	3.567315682452397
247	0.247	-5.315769608213932
248	0.248	2.6358390095634188
249	0.249	-5.584611896386368
250	0.25	3.4412704980145805
251	0.251	-0.24604594023318582
252	0.252	2.1035007809464226
253	0.253	5.381766201449849
254	0.254	9.1299775094933
255	0.255	-3.4511139225967042
256	0.256	-10.431990837691687
257	0.257	0.8092657824195512
258	0.258	-6.652229254110787
259	0.259	-5.1726672291730225
260	0.26	-6.718030749123781
261	0.261	6.003258076423984
262	0.262	-3.6405260886184867
263	0.263	2.780476968313584
264	0.264	-4.503405053515071
265	0.265	-0.6451892281073717
266	0.266	-3.490384964081626
267	0.267	0.2361184736382262
268	0.268	-2.750923124688848
269	0.269	-2.1178429551732445
270	0.27	2.3933856950235985
271	0.271	-4.237682828340854
272	0.272	1.7818269492679166
273	0.273	-1.2031832931675783
274	0.274	-3.4857218125032516
275	0.275	4.0244147438595705
276	0.276	4.147490339358417
277	0.277	6.064139741748246
278	0.278	3.2596140632125143
279	0.279	1.45485698564754
280	0.28	-0.11828781551025047
281	0.281	6.6485586483842365
282	0.28200000000000003	5.644110763558678
283	0.28300000000000003	2.341495374465699
284	0.28400000000000003	3.363890849526198
285	0.28500000000000003	6.350666178654664
286	0.28600000000000003	5.862186211589077
287	0.28700000000000003	1.6342079514097239
288	0.28800000000000003	-5.805729826564307
289	0.289	1.7033139611013999
290	0.29	2.638532311392744
291	0.291	-4.927877603279653
292	0.292	-2.163570433761766
293	0.293	4.412188702660226
294	0.294	-2.411446846112437
295	0.295	-8.067960601475113
296	0.296	-7.551423042653205
297	0.297	-9.02003139386298
298	0.298	1.9648407992349828
299	0.299	3.8393884237760396
300	0.3	3.051179369891691
301	0.301	6.090764450657461
302	0.302	5.826763887278091
303	0.303	0.4349380551328528
304	0.304	9.58031768308676
305	0.305	3.55329730837947
306	0.306	1.2769453624015248
307	0.307	-7.742235488423237
308	0.308	0.7968492105292934
309	0.309	2.749638469264231
310	0.31	2.347790219743812
311	0.311	-2.2552770139036875
312	0.312	1.1662637306522134
313	0.313	-1.9367324181251993
314	0.314	0.6845772171997887
315	0.315	6.487098167616287
316	0.316	-0.013277502411873199
317	0.317	1.6236714207053367
318	0.318	3.5259848546376613
319	0.319	-1.2861048442282845
320	0.32	3.021421523820374
321	0.321	-3.0586728992283985
322	0.322	3.047661377319883
323	0.323	-0.7171595674189072
324	0.324	-2.8211962142525415
325	0.325	5.982837785080094
326	0.326	-0.7144823388659963
327	0.327	-0.8314426259078183
328	0.328	3.9838163242087266
329	0.329	-2.1364687724490343
330	0.33	2.635951345225429
331	0.331	4.743470070698735
332	0.332	3.6171304920988865
333	0.333	4.351108299541237
334	0.334	1.5142113071028853
335	0.335	-0.9539411417316694
336	0.336	1.1430366823393985
337	0.337	9.728935588018572
338	0.338	-2.1500118361810374
339	0.339	1.6469068115443277
340	0.34	2.404743303654451
341	0.341	0.27172438696001544
342	0.342	8.379065571348045
343	0.343	13.877709109950159
344	0.34400000000000003	3.3157763939997995
345	0.34500000000000003	4.152658170262828
346	0.34600000000000003	-2.2357760118810237
347	0.34700000000000003	2.3991780541654495
348	0.34800000000000003	3.156411439368479
349	0.34900000000000003	0.08798547012715918
350	0.35000000000000003	0.23162551355728977
351	0.35100000000000003	8.462252189197551
352	0.352	-4.918623856250177
353	0.353	-0.22169163937958125
354	0.354	7.236276961191052
355	0.355	11.317263869108565
356	0.356	9.510364570924306
357	0.357	2.6347329845040384
358	0.358	-1.8236239552542748
359	0.359	3.734501156696361
360	0.36	-0.6765833733183654
361	0.361	3.9831667803976756
362	0.362	-0.3701729384059234
363	0.363	3.9462437674539386
364	0.364	-2.9437382323718317
365	0.365	0.7339695178247038
366	0.366	7.6475184942652845
367	0.367	-7.990994188252054
368	0.368	7.940305244369738
369	0.369	-1.4910095680115705
370	0.37	-3.115340107729734
371	0.371	6.4578580348604095
372	0.372	0.16409613641732634
373	0.373	-0.1528141744927467
374	0.374	-3.638726739354557
375	0.375	-4.885352442611819
376	0.376	0.0166884153590956
377	0.377	0.7691411187808742
378	0.378	6.888937911964425
379	0.379	-1.2651970130459258
380	0.38	-2.4853444452719162
381	0.381	-1.0691047090063401
382	0.382	1.8048814585812563
383	0.383	2.2078524943427738
384	0.384	0.47290444460490455
385	0.385	-5.764297095398723
386	0.386	0.07352588976502006
387	0.387	-1.5281407392716408
388	0.388	2.7731805724586143
389	0.389	5.652845622490684
390	0.39	0.4316407136532553
391	0.391	-10.790626548420448
392	0.392	4.209146708474636
393	0.393	-3.431464216674208
394	0.394	-5.191596166129767
395	0.395	-4.101137383208296
396	0.396	0.8795574456942912
397	0.397	-1.5396388515383308
398	0.398	-1.7922282906051086
399	0.399	3.5666619259071712
400	0.4	-2.1716488729687997
401	0.401	2.6139442568181828
402	0.402	0.36307430371956484
403	0.403	3.136576089972563
404	0.404	-3.8571272411384663
405	0.405	0.2770636146242782
406	0.406	-1.9268596517951093
407	0.40700000000000003	6.541913058561349
408	0.40800000000000003	4.706798729512501
409	0.40900000000000003	1.8319133443741253
410	0.41000000000000003	-1.9089814154091154
411	0.41100000000000003	-4.325835628489218
412	0.41200000000000003	2.8352510277621925
413	0.41300000000000003	4.012541154116337
414	0.41400000000000003	11.547687537514015
415	0.41500000000000004	-4.373667590834538
416	0.41600000000000004	2.3084180793502482
417	0.417	6.377753526896253
418	0.418	1.0115031470650657
419	0.419	-3.4421783137932795
420	0.42	7.5331429395740495
421	0.421	-5.774029573179397
422	0.422	0.030719165603749987
423	0.423	4.510871381557872
424	0.424	1.7638578939233138
425	0.425	8.175819132719402
426	0.426	2.281447467813698
427	0.427	1.3182502051675327
428	0.428	3.415234279775499
429	0.429	-6.159584229241296
430	0.43	-5.660335473404819
431	0.431	-2.376119602564643
432	0.432	4.472152197948148
433	0.433	3.0731765606864263
434	0.434	0.5225051923400941
435	0.435	2.635603656268189
436	0.436	-1.1940147024710706
437	0.437	5.491102926106318
438	0.438	-1.292087267067403
439	0.439	-3.319445355241373
440	0.44	-0.2134482248530185
441	0.441	7.542102156990752
442	0.442	-3.775524440307935
443	0.443	0.7389352448089124
444	0.444	2.4552763866894596
445	0.445	8.113066434038336
446	0.446	-3.441542418225565
447	0.447	2.2449771475462237
448	0.448	-3.713471093587585
449	0.449	2.5577220843692885
450	0.45	-1.6888566532236653
451	0.451	-1.5283942085708468
452	0.452	-9.11095241602115
453	0.453	1.0602223018071784
454	0.454	1.5696322859771077
455	0.455	0.10552810409543711
456	0.456	9.640757560782127
457	0.457	5.142008942479059
458	0.458	-5.042939820899706
459	0.459	-2.422479864641743
460	0.46	-3.4907152149837644
461	0.461	-4.991605547385276
462	0.462	0.16748637238627206
463	0.463	-4.416840982363247
464	0.464	-2.1865776381945015
465	0.465	-1.5599585037944657
466	0.466	-2.5701732276034543
467	0.467	5.70106794730929
468	0.468	-3.6058037451596423
469	0.46900000000000003	0.2243764888066872
470	0.47000000000000003	3.1762973119203903
471	0.47100000000000003	5.1714154282524305
472	0.47200000000000003	5.8475410992069445
473	0.47300000000000003	-3.1096482394302374
474	0.47400000000000003	6.726519682806606
475	0.47500000000000003	-0.7485666968558284
476	0.47600000000000003	1.5097766809844855
477	0.47700000000000004	-6.145421270127496
478	0.47800000000000004	-2.3584205389513615
479	0.47900000000000004	-1.329315785144366
480	0.48	1.4007790521165913
481	0.481	-5.779941433620963
482	0.482	5.843317100846074
483	0.483	5.9123681828116315
484	0.484	0.9068236566194414
485	0.485	-9.84482118488868
486	0.486	0.8883038840385951
487	0.487	1.5584411136142533
488	0.488	-7.562066608518812
489	0.489	-0.5586406529449712
490	0.49	4.464793503157243
491	0.491	-5.848412765718934
492	0.492	3.3139559560987006
493	0.493	-2.0818340807979543
494	0.494	-6.24509171444447
495	0.495	2.5152806804445094
496	0.496	-2.991933555453616
497	0.497	-3.4513016364137457
498	0.498	4.092132698026977
499	0.499	-1.0588745679818863
500	0.5	-1.577700714734911
501	0.501	-1.4179587267294496
502	0.502	-5.531344237853421
503	0.503	2.6900037762890445
504	0.504	6.930344067275609
505	0.505	4.424558179457488
506	0.506	3.998608319752984
507	0.507	-4.030646395813872
508	0.508	2.1227486785171013
509	0.509	6.208737571032702
510	0.51	2.086622511014493
511	0.511	4.9407968372569755
512	0.512	-0.30835995017103457
513	0.513	6.924010136622622
514	0.514	2.1303332685558525
515	0.515	-3.578141112076176
516	0.516	5.15347022760823
517	0.517	1.356188805179178
518	0.518	2.7440937645079257
519	0.519	4.5104315037078715
520	0.52	2.083897384382637
521	0.521	-1.7546390392532114
522	0.522	4.218010782331533
523	0.523	-3.0046046521531684
524	0.524	-1.0466627363061372
525	0.525	-4.234139932682045
526	0.526	-2.5876669297625297
527	0.527	4.124018773668579
528	0.528	3.8203226376699417
529	0.529	5.7162223002998
530	0.53	9.764908036964671
531	0.531	0.8932733772029553
532	0.532	3.923511430733326
533	0.533	6.48886877328534
534	0.534	0.9405380913952092
535	0.535	5.993040587381902
536	0.536	-0.655110583399781
537	0.537	7.15485208048149
538	0.538	7.967596748399613
539	0.539	1.6468514177471594
540	0.54	10.238750218206214
541	0.541	0.02051462685116512
542	0.542	1.8383330314704818
543	0.543	1.0215018099481181
544	0.544	1.1232320646440628
545	0.545	6.802108319188129
546	0.546	6.4706906622506555
547	0.547	3.1085273892976337
548	0.548	4.186226874917382
549	0.549	4.9581425593842585
550	0.55	4.829743530298785
551	0.551	4.455294463733611
552	0.552	-0.731451263365094
553	0.553	-8.46136684432122
554	0.554	2.444820759876668
555	0.555	-0.7511896488538965
556	0.556	-2.441256215065734
557	0.557	-1.6343502119172437
558	0.558	2.0347971237884077
559	0.559	-0.03858690320504829
560	0.56	1.1078299936177398
561	0.561	-2.03802045970733
562	0.562	2.3131796568120095
563	0.5630000000000001	2.6950380526860163
564	0.5640000000000001	4.20650029978243
565	0.5650000000000001	-1.593454939504104
566	0.5660000000000001	-6.1243844928223945
567	0.5670000000000001	0.5727091390445732
568	0.5680000000000001	4.0986851521059435
569	0.5690000000000001	-2.412864540857907
570	0.5700000000000001	-2.9994675222888856
571	0.5710000000000001	-2.3214702271722842
572	0.5720000000000001	-0.0804783037632606
573	0.5730000000000001	6.075360050830156
574	0.5740000000000001	-3.589698849672025
575	0.5750000000000001	-1.2262736265218699
576	0.5760000000000001	1.7811510252838727
577	0.577	1.8835420635468443
578	0.578	0.6526034538743122
579	0.579	-6.802266722300782
580	0.58	-1.464780302899746
581	0.581	1.9735621928456086
582	0.582	-1.8402073419350564
583	0.583	5.802788170189364
584	0.584	-11.161214802993017
585	0.585	-3.376279123169874
586	0.586	-0.6622349330713799
587	0.587	1.5106844257318022
588	0.588	4.269006554971249
589	0.589	6.616651029964025
590	0.59	5.460424725338432
591	0.591	0.8626024751901743
592	0.592	-1.1180084410701376
593	0.593	2.3450728957449556
594	0.594	0.3718124543205382
595	0.595	0.7822701356128573
596	0.596	-11.523319865799158
597	0.597	10.214827157061702
598	0.598	10.742944666310688
599	0.599	1.6406510083202486
600	0.6	1.8186894479458413
601	0.601	-5.011785432303216
602	0.602	1.4243945242995257
603	0.603	1.157833465175697
604	0.604	-2.4264082703032264
605	0.605	7.206202811425917
606	0.606	3.5827414904003905
607	0.607	6.743591204971763
608	0.608	4.408680487838399
609	0.609	-0.7028014132793725
610	0.61	6.240989552514269
611	0.611	-4.537431856465826
612	0.612	4.659489698626675
613	0.613	-0.36293717960856897
614	0.614	2.935586436093391
615	0.615	2.1461090512962993
616	0.616	-2.2809784707389813
617	0.617	-1.2812845129223491
618	0.618	6.2301304915839335
619	0.619	3.8458388085418633
620	0.62	0.4213164411257665
621	0.621	-1.2873328658428305
622	0.622	-3.975115007837921
623	0.623	5.508736538990572
624	0.624	2.371590666873426
625	0.625	0.5627460968827427
626	0.626	3.3290608127109307
627	0.627	3.739961966865101
628	0.628	3.5002379601948306
629	0.629	2.648214345542492
630	0.63	-1.305753551254412
631	0.631	2.7428725840177037
632	0.632	9.841800495217106
633	0.633	2.7641619528929704
634	0.634	0.03757688899045464
635	0.635	9.372331010395015
636	0.636	3.8739692888991977
637	0.637	-0.828738750309264
638	0.638	0.2940154684286853
639	0.639	1.7331898899925857
640	0.64	-0.14614181473438737
641	0.641	9.684426599487086
642	0.642	-2.5833842033832397
643	0.643	-0.7902689946550789
644	0.644	-2.258126082425421
645	0.645	6.100191794978373
646	0.646	1.3144602295539778
647	0.647	-0.973584645484205
648	0.648	0.34698545470887804
649	0.649	-2.647135178821924
650	0.65	-6.987285736155933
651	0.651	-0.06699339377216426
652	0.652	-7.144703432203282
653	0.653	-1.8896665635142127
654	0.654	2.4181248123066945
655	0.655	-0.0064313543093237335
656	0.656	0.6828674088346212
657	0.657	-4.548911927517433
658	0.658	-0.8367765247009398
659	0.659	-6.1901390072330065
660	0.66	-3.286008934509679
661	0.661	1.1225019974972603
662	0.662	5.577028130335463
663	0.663	0.2954805041961013
664	0.664	2.539624114929928
665	0.665	3.3849395514978924
666	0.666	-0.05772484458459882
667	0.667	-2.0458361921067016
668	0.668	1.1269803408666328
669	0.669	6.250979016409269
670	0.67	-4.864195238748538
671	0.671	-2.0900339694312056
672	0.672	-6.378984943309421
673	0.673	-2.0922060550910144
674	0.674	5.22712860194806
675	0.675	0.2081227681739164
676	0.676	6.318674851588118
677	0.677	3.3582209074598453
678	0.678	-4.2906134427875315
679	0.679	-3.2135006929750456
680	0.68	3.61144753807229
681	0.681	1.0669311010853966
682	0.682	3.70189328172827
683	0.683	-0.9154233960823668
684	0.684	3.9367108501784855
685	0.685	3.802233460618286
686	0.686	-1.7550923276971995
687	0.687	-3.3664198990823895
688	0.6880000000000001	-5.748433419356732
689	0.6890000000000001	0.6264432673522613
690	0.6900000000000001	-0.4721453135709566
691	0.6910000000000001	-0.9335096060044517
692	0.6920000000000001	2.4941433907939006
693	0.6930000000000001	0.3528962852799638
694	0.6940000000000001	-1.8575540229447607
695	0.6950000000000001	0.639623126748433
696	0.6960000000000001	0.28340598848881093
697	0.6970000000000001	-1.153822883883032
698	0.6980000000000001	6.348174163788808
699	0.6990000000000001	4.7904182795391295
700	0.7000000000000001	1.7660565171652498
701	0.7010000000000001	-2.7186585537499175
702	0.7020000000000001	-1.960319619087017
703	0.7030000000000001	4.329127549558926
704	0.704	11.041115462602205
705	0.705	-1.7273185394115012
706	0.706	3.5210452251032773
707	0.707	7.612002480575778
708	0.708	7.963642755185939
709	0.709	1.9561478695137664
710	0.71	10.413275968501402
711	0.711	-4.116340716358561
712	0.712	-2.666320562747318
713	0.713	1.0665635957816089
714	0.714	-1.5188554690619016
715	0.715	1.4248886760706434
716	0.716	6.21428923543522
717	0.717	2.8458276530846223
718	0.718	-0.17943008018909212
719	0.719	-1.8316346979551121
720	0.72	-0.4787070336225362
721	0.721	-2.4719139624900137
722	0.722	3.1608940099973992
723	0.723	-4.343269984272851
724	0.724	-1.9599213309986578
725	0.725	-2.609646578797506
726	0.726	1.9573880517042848
727	0.727	2.186566555376652
728	0.728	-0.48467239754042746
729	0.729	-4.130825253776721
730	0.73	1.3732411387623529
731	0.731	3.338840329697846
732	0.732	1.720976958835537
733	0.733	-3.4537298368346283
734	0.734	-0.3846397580324368
735	0.735	-3.7769022194655757
736	0.736	1.4900324882270293
737	0.737	2.3493767697606938
738	0.738	6.615292288376884
739	0.739	2.1011888675592076
740	0.74	0.9627457255067
741	0.741	3.288953547240958
742	0.742	8.69998991812896
743	0.743	5.248916581016394
744	0.744	3.684454189515733
745	0.745	-0.07849553073568405
746	0.746	0.42548115005666065
747	0.747	6.194192413511094
748	0.748	3.715347729996653
749	0.749	8.260279629191642
750	0.75	1.900593537030344
751	0.751	-0.5879902083594319
752	0.752	-0.8340394252710757
753	0.753	-2.5181319682193894
754	0.754	-0.5981428038498203
755	0.755	3.5101293947696957
756	0.756	-0.3480291938609243
757	0.757	-2.4683084349809614
758	0.758	1.7497424800566623
759	0.759	2.9835537356032518
760	0.76	-0.7156397088619326
761	0.761	-3.866671360258365
762	0.762	2.5385658020626143
763	0.763	1.9451125479129463
764	0.764	0.4763286440884922
765	0.765	1.7983940699575212
766	0.766	3.8800876062214074
767	0.767	-2.5935840400063874
768	0.768	3.5619793230048273
769	0.769	-3.8804724352558706
770	0.77	4.69605359066378
771	0.771	-8.541028028471281
772	0.772	-2.8058318079567517
773	0.773	5.01557732562262
774	0.774	0.5317256780842579
775	0.775	3.641145480856978
776	0.776	1.083113304490135
777	0.777	-1.5383993002695837
778	0.778	1.215122863081873
779	0.779	-1.3012131572023173
780	0.78	-5.655871183256465
781	0.781	-5.476877415588858
782	0.782	-3.8368576750340866
783	0.783	2.965657057775408
784	0.784	-1.2765124780138715
785	0.785	-4.495722443188758
786	0.786	-0.14926403296297064
787	0.787	-1.5991852953533263
788	0.788	6.204779114963718
789	0.789	4.306798039548022
790	0.79	-1.3465338409236953
791	0.791	3.7389106247636383
792	0.792	-4.625100554154723
793	0.793	5.850729256218966
794	0.794	0.6752229941715937
795	0.795	5.190610630708747
796	0.796	0.29732935887815304
797	0.797	0.3636480876428173
798	0.798	-5.250924823295595
799	0.799	-4.591473504924021
800	0.8	2.859215811183428
801	0.801	2.2251545593041553
802	0.802	-4.373911200305844
803	0.803	-4.41472779372746
804	0.804	-6.33658452546106
805	0.805	-1.6324524626930303
806	0.806	8.121644027369431
807	0.807	-3.297296768854359
808	0.808	-0.23959862002366084
809	0.809	-0.2615965928172872
810	0.81	5.176440240745652
811	0.811	7.116298688280181
812	0.812	-2.1257858112205374
813	0.8130000000000001	7.872341724800323
814	0.8140000000000001	-5.186967280850316
815	0.8150000000000001	4.665881440851712
816	0.8160000000000001	2.9412337420432166
817	0.8170000000000001	-0.11062096205371308
818	0.8180000000000001	1.2386223724830225
819	0.8190000000000001	5.496764082245884
820	0.8200000000000001	3.0966418025811597
821	0.8210000000000001	3.276056848019053
822	0.8220000000000001	6.794221224361891
823	0.8230000000000001	-5.081129466688732
824	0.8240000000000001	-0.5701296192974694
825	0.8250000000000001	5.628972253398894
826	0.8260000000000001	-2.118215773162884
827	0.8270000000000001	4.36818784468144
828	0.8280000000000001	2.79578376443837
829	0.8290000000000001	-1.3781993478661367
830	0.8300000000000001	4.171676403963475
831	0.8310000000000001	4.5699024274311535
832	0.8320000000000001	0.3560426454801189
833	0.833	-0.7982373108584662
834	0.834	-5.936369237465805
835	0.835	5.264951190737756
836	0.836	1.9185805817006902
837	0.837	1.765849850682191
838	0.838	11.684993856836854
839	0.839	-1.159784435436253
840	0.84	-2.5562795775573512
841	0.841	8.071737978193251
842	0.842	2.9283341887172503
843	0.843	9.54712778732935
844	0.844	4.406641981326018
845	0.845	-4.7792340934824225
846	0.846	0.7085880755776559
847	0.847	6.647790642555076
848	0.848	3.080517047426809
849	0.849	0.4239726864172203
850	0.85	1.8478029661050392
851	0.851	2.9316713291732883
852	0.852	1.3923394688331272
853	0.853	4.8664686008839375
854	0.854	2.947709985760343
855	0.855	0.4257267166374281
856	0.856	5.227727895220589
857	0.857	-5.292227888590911
858	0.858	1.4835000063140495
859	0.859	-1.5122363227967734
860	0.86	-7.9789433513564925
861	0.861	4.842836158032373
862	0.862	-3.92576854061378
863	0.863	-2.3583505906773974
864	0.864	-0.7333779673930402
865	0.865	7.272517206284634
866	0.866	-2.291817339871828
867	0.867	-6.50997160760315
868	0.868	-1.041554036484233
869	0.869	5.24706908255426
870	0.87	2.774165868327139
871	0.871	1.224646337148929
872	0.872	2.1583872416892707
873	0.873	1.3143702529002546
874	0.874	2.4097365370553243
875	0.875	1.2531304334153825
876	0.876	7.533771965295571
877	0.877	2.8640072666898786
878	0.878	6.302324018619437
879	0.879	-2.2604786086129867
880	0.88	3.777722384079635
881	0.881	0.11313742514969338
882	0.882	7.240915792266547
883	0.883	-0.6057494762648606
884	0.884	5.776793230792496
885	0.885	-3.2749374996469105
886	0.886	0.43393117205512255
887	0.887	4.999795663434005
888	0.888	0.8503388485023646
889	0.889	2.591038606757344
890	0.89	3.1684297141466633
891	0.891	2.8364797949450056
892	0.892	-2.0153835204557162
893	0.893	-0.15231411204125264
894	0.894	-0.9750474839841021
895	0.895	1.1745885626613033
896	0.896	-1.6953984369758293
897	0.897	-6.300489051279827
898	0.898	1.4525267050508195
899	0.899	-3.0618007795528346
900	0.9	2.0689234204153584
901	0.901	1.2968138396367086
902	0.902	5.879989093430572
903	0.903	0.5043840365342881
904	0.904	1.9193076338134025
905	0.905	4.453701974500835
906	0.906	-1.5126969810661253
907	0.907	-2.339154074479902
908	0.908	1.577390876197743
909	0.909	2.063375758543397
910	0.91	6.439087310161133
911	0.911	1.8642275336583922
912	0.912	1.6685310657083063
913	0.913	-0.14971474450197642
914	0.914	-3.2588416786004193
915	0.915	1.014848973457312
916	0.916	-4.281558717036403
917	0.917	1.6748654874599094
918	0.918	2.4924861180309668
919	0.919	1.6111376801954136
920	0.92	5.300800173403666
921	0.921	-7.57489406442489
922	0.922	8.805684955769069
923	0.923	1.4508591502397994
924	0.924	0.1761153313092425
925	0.925	-6.712954866192608
926	0.926	-1.8706497630409735
927	0.927	-2.2131464051677248
928	0.928	0.9017782056730461
929	0.929	1.6744268717750508
930	0.93	5.574040306545618
931	0.931	1.026340693776649
932	0.932	4.344387335855325
933	0.933	1.4638059425869132
934	0.934	0.2083266253356395
935	0.935	-4.070336420151869
936	0.936	-3.976468675920687
937	0.937	-2.2695857621814555
938	0.9380000000000001	2.6039937733736718
939	0.9390000000000001	1.665964591806485
940	0.9400000000000001	4.811065691734099
941	0.9410000000000001	2.4336224571999154
942	0.9420000000000001	1.9778734750578364
943	0.9430000000000001	7.017239304123464
944	0.9440000000000001	0.10572538462792958
945	0.9450000000000001	1.2783929383835
946	0.9460000000000001	-4.334413127142735
947	0.9470000000000001	1.2082901965818076
948	0.9480000000000001	1.2678907279250309
949	0.9490000000000001	2.569404185762018
950	0.9500000000000001	-3.129745800467302
951	0.9510000000000001	0.18699905972371378
952	0.9520000000000001	-9.189093708065762
953	0.9530000000000001	6.54238322270712
954	0.9540000000000001	2.2841008700348624
955	0.9550000000000001	-3.807516650743659
956	0.9560000000000001	1.054536558719268
957	0.9570000000000001	-3.0081209321132967
958	0.9580000000000001	2.997727211768066
959	0.9590000000000001	2.112379780813453
960	0.96	-1.9165026504584801
961	0.961	-3.608298541706877
962	0.962	2.0951522107806384
963	0.963	-6.656698792073209
964	0.964	-3.2142874705027538
965	0.965	3.3602765717791283
966	0.966	-3.2295861035968465
967	0.967	-4.376687943210915
968	0.968	2.313694251714343
969	0.969	4.166014460018256
970	0.97	3.0486899343528213
971	0.971	9.200276550459801
972	0.972	-1.7242550217027586
973	0.973	-1.2759059521971228
974	0.974	3.4752771376240315
975	0.975	4.706492577595205
976	0.976	0.4070516846308107
977	0.977	-0.26901607205243094
978	0.978	-8.892376726080252
979	0.979	-3.365232777780349
980	0.98	-3.8878684918998445
981	0.981	1.982706834608302
982	0.982	2.751664045658289
983	0.983	-0.253838637060638
984	0.984	0.4196777151680756
985	0.985	-4.1694718096814976
986	0.986	-0.5564976232484783
987	0.987	8.435349284741065
988	0.988	-6.4310129746784135
989	0.989	6.096912026916628
990	0.99	5.84890299028047
991	0.991	-3.6953649181808914
992	0.992	-4.2869565616581875
993	0.993	0.20075041019837614
994	0.994	-7.594518373061737
995	0.995	2.644058205386436
996	0.996	-3.5377442847160743
997	0.997	-10.973874477189199
998	0.998	-2.861267627909007
999	0.999	1.7419086793948206
1000	1.0	2.125281213527823
1001	1.0010000000000001	3.9937576193691653
1002	1.002	3.464807049569823
1003	1.0030000000000001	-6.807732415458028
1004	1.004	-2.610200745800068
1005	1.0050000000000001	5.795255392645524
1006	1.006	1.1462765667301613
1007	1.0070000000000001	-6.881270241719559
1008	1.008	7.314994922136531
1009	1.0090000000000001	0.017216606652488586
1010	1.01	-5.831160887221902
1011	1.0110000000000001	0.6789913388492435
1012	1.012	8.07249662504648
1013	1.0130000000000001	-2.3446679113399904
1014	1.014	-0.7538992272914231
1015	1.0150000000000001	1.462246872133659
1016	1.016	3.4230370082986212
1017	1.0170000000000001	4.61240432558653
1018	1.018	-0.1884663441598995
1019	1.0190000000000001	-1.3067001261441906
1020	1.02	-5.31635876285325
1021	1.0210000000000001	2.404724283889365
1022	1.022	-1.3507235399388204
1023	1.0230000000000001	-4.721224359120923
1024	1.024	1.5444049564050355
1025	1.025	-0.2390957195295571
1026	1.026	3.5436141664416727
1027	1.027	3.6211989082598786
1028	1.028	-1.1024035999155806
1029	1.029	1.4051420912574992
1030	1.03	-0.20927104713938438
1031	1.031	8.056605317216329
1032	1.032	0.28983895343116617
1033	1.033	0.20104730380993452
1034	1.034	1.8066014131292205
1035	1.035	6.87112293527656
1036	1.036	-4.9927395984923795
1037	1.037	-2.108280978455702
1038	1.038	-0.9938499594568495
1039	1.039	6.115821292740043
1040	1.04	-4.616631172520089
1041	1.041	7.032950314007606
1042	1.042	4.873086585420349
1043	1.043	-8.251942372148527
1044	1.044	6.849083041886503
1045	1.045	5.029579718078564
1046	1.046	1.4452849606521734
1047	1.047	-1.2993107939086737
1048	1.048	5.338287646954159
1049	1.049	1.1055196695037228
1050	1.05	7.8913587369725
1051	1.051	0.9492902367221481
1052	1.052	-0.8191396304377871
1053	1.053	-2.029291562245468
1054	1.054	-7.740143112027282
1055	1.055	1.850146618578479
1056	1.056	1.178443313431758
1057	1.057	1.1590228906407785
1058	1.058	-3.3522349116881642
1059	1.059	-2.2607441381337288
1060	1.06	-5.508294574217196
1061	1.061	-5.370956979022806
1062	1.062	-5.602682943971409
1063	1.063	-4.042278304026462
1064	1.064	6.646572801774598
1065	1.065	-6.559143485725732
1066	1.066	3.708237429169791
1067	1.067	3.7975287807899067
1068	1.068	0.16954134640003043
1069	1.069	-0.9372161724740211
1070	1.07	-4.524556035084721
1071	1.071	0.9896951661652902
1072	1.072	-6.004001624662319
1073	1.073	6.564748159261819
1074	1.074	-3.710321518115509
1075	1.075	0.03979388897597036
1076	1.076	3.4933237470915715
1077	1.077	6.7098410641928545
1078	1.078	-1.4416069310036965
1079	1.079	6.76833334231055
1080	1.08	2.8009823998553647
1081	1.081	4.736648918414043
1082	1.082	2.013500605286537
1083	1.083	-1.778380137272054
1084	1.084	3.5398268415941034
1085	1.085	4.1903919202406446
1086	1.086	6.23382877999279
1087	1.087	2.8237362216299804
1088	1.088	1.724773342458431
1089	1.089	5.256352600349615
1090	1.09	-2.044965221821018
1091	1.091	3.2404734873440635
1092	1.092	-1.9597230531890157
1093	1.093	7.080117794759845
1094	1.094	-1.693851040633112
1095	1.095	-3.0120398863272957
1096	1.096	3.873767962369813
1097	1.097	2.8195361101312546
1098	1.098	5.237398746078125
1099	1.099	-2.9394431859589587
1100	1.1	-1.4919014102286217
1101	1.101	2.5088275581433583
1102	1.102	-4.019302980966772
1103	1.103	2.7123318016856306
1104	1.104	7.082404038498407
1105	1.105	-0.4429996759417931
1106	1.106	-0.017406649910291394
1107	1.107	0.20063588075403493
1108	1.108	-0.8666109613477195
1109	1.109	1.9868344958977493
1110	1.11	-1.384407683773281
1111	1.111	3.8812638906540116
1112	1.112	0.6978358112597056
1113	1.113	5.997167283961071
1114	1.114	8.00423315030151
1115	1.115	-1.3946801600974932
1116	1.116	0.6095757878721486
1117	1.117	-4.017325643500577
1118	1.118	-6.098100340245526
1119	1.119	-7.549943167588368
1120	1.12	4.936212796914208
1121	1.121	-3.5627468322661153
1122	1.122	2.3327631851141266
1123	1.123	-5.506049317022685
1124	1.124	2.4772631109256293
1125	1.125	-4.046278917636547
1126	1.1260000000000001	2.168318177771206
1127	1.127	3.1434073556134257
1128	1.1280000000000001	-4.58838885570264
1129	1.129	-3.776855418126595
1130	1.1300000000000001	0.029976959647865176
1131	1.131	-7.029095087925891
1132	1.1320000000000001	1.9427372377530356
1133	1.133	0.07911426187257953
1134	1.1340000000000001	-3.374444219179784
1135	1.135	-2.3470957673065107
1136	1.1360000000000001	8.677056070671352
1137	1.137	1.7335439469850733
1138	1.1380000000000001	-0.14700750666563156
1139	1.139	1.6372825483195026
1140	1.1400000000000001	1.7387046068465895
1141	1.141	3.458144434517785
1142	1.1420000000000001	8.429192032591482
1143	1.143	3.20023220573064
1144	1.1440000000000001	0.3463401919375233
1145	1.145	0.9283751756540422
1146	1.1460000000000001	4.809610226630626
1147	1.147	2.9607532278133752
1148	1.1480000000000001	-0.08433630659608715
1149	1.149	5.788032847929912
1150	1.1500000000000001	1.5397820656188062
1151	1.151	-1.26033223235211
1152	1.1520000000000001	1.3399261113496768
1153	1.153	0.1996063351238649
1154	1.154	-5.505275978458671
1155	1.155	2.984734880713243
1156	1.156	-1.3574383094707823
1157	1.157	-1.1273888737426156
1158	1.158	-3.648382399109268
1159	1.159	-2.8242568080845283
1160	1.16	3.5278110765945154
1161	1.161	-2.563132108261813
1162	1.162	-2.8651011661335493
1163	1.163	-0.926201896513245
1164	1.164	-1.6301489046490756
1165	1.165	-3.7314768758962873
1166	1.166	1.6429997049949803
1167	1.167	-0.057416301041002205
1168	1.168	4.428236304372591
1169	1.169	2.2691163139001773
1170	1.17	-2.2658271925059643
1171	1.171	-0.07189518669368489
1172	1.172	-1.38302664479663
1173	1.173	-7.252624705026495
1174	1.174	1.7654890779173376
1175	1.175	-5.623132548157697
1176	1.176	-0.8314471180752345
1177	1.177	4.880231102661596
1178	1.178	-12.742374636339324
1179	1.179	7.850600516622914
1180	1.18	0.08152000687877567
1181	1.181	0.8684522879816543
1182	1.182	3.168684792419332
1183	1.183	6.11315377844733
1184	1.184	7.279613388177802
1185	1.185	-2.975138692949161
1186	1.186	-4.554228686659426
1187	1.187	-3.134493371839725
1188	1.188	-6.775407512762117
1189	1.189	1.561923401062029
1190	1.19	-3.5221303263815984
1191	1.191	0.22065970464920937
1192	1.192	-3.1280108666740705
1193	1.193	-0.9040145970737321
1194	1.194	-2.8063352552047576
1195	1.195	-2.692855468806529
1196	1.196	-1.0581470075591661
1197	1.197	4.34181244482943
1198	1.198	5.086008160962743
1199	1.199	2.4636901436376446
1200	1.2	-5.959408190146425
1201	1.201	7.250338803651341
1202	1.202	-0.6721561883770939
1203	1.203	-4.400107759504511
1204	1.204	-1.1208912137025435
1205	1.205	1.9073801602118774
1206	1.206	4.177532116267614
1207	1.207	8.568922330739381
1208	1.208	2.5951990994614884
1209	1.209	-3.668087596730202
1210	1.21	1.4612158060269083
1211	1.211	3.0222127018326463
1212	1.212	9.023477219154291
1213	1.213	-2.820204765915004
1214	1.214	2.7750214271156612
1215	1.215	-1.0047091213926649
1216	1.216	-1.4223321486015799
1217	1.217	2.5105117509740746
1218	1.218	5.460345116453157
1219	1.219	-1.927561202293234
1220	1.22	-3.7856164394102914
1221	1.221	0.6880945283212819
1222	1.222	-1.7354205170580101
1223	1.223	-1.293145952107202
1224	1.224	-2.916287440698195
1225	1.225	-0.12366021763367907
1226	1.226	6.491982129049016
1227	1.227	-4.2510995412595305
1228	1.228	6.72137761525468
1229	1.229	0.2043213183702175
1230	1.23	-1.7084559529363452
1231	1.231	-3.0461492458089983
1232	1.232	0.8424975724288709
1233	1.233	0.20259718283547112
1234	1.234	-1.0709078547471482
1235	1.235	2.372888171127071
1236	1.236	-1.3441354959598093
1237	1.237	0.6859005968726177
1238	1.238	-2.0175018730148713
1239	1.239	-1.116133713575587
1240	1.24	6.928342868654456
1241	1.241	7.635613673196717
1242	1.242	-0.33999694576794326
1243	1.243	2.458793177088971
1244	1.244	-4.936907894328461
1245	1.245	0.13908787737294115
1246	1.246	9.269051821928013
1247	1.247	2.051473840752582
1248	1.248	6.267923653697585
1249	1.249	3.6374331915801035
1250	1.25	-7.415319045435879
1251	1.2510000000000001	1.0584170347408437
1252	1.252	-5.639257167957417
1253	1.2530000000000001	-3.233186334374948
1254	1.254	-3.7172332469039278
1255	1.2550000000000001	1.7005813665737168
1256	1.256	-3.7108764482785315
1257	1.2570000000000001	-4.419805070463749
1258	1.258	-5.139952976965755
1259	1.2590000000000001	-7.5437033392992685
1260	1.26	2.792972512849488
1261	1.2610000000000001	-3.8874003413854643
1262	1.262	-1.0592971559755215
1263	1.2630000000000001	8.069523437459473
1264	1.264	1.7789310655812431
1265	1.2650000000000001	5.590464923861168
1266	1.266	-1.9307237768492558
1267	1.2670000000000001	6.532354438491925
1268	1.268	-4.742604010981303
1269	1.2690000000000001	-4.560089246737419
1270	1.27	0.7020942855161787
1271	1.2710000000000001	-5.380710260871021
1272	1.272	0.43540795919163455
1273	1.2730000000000001	-3.864684385549303
1274	1.274	2.2322419087670697
1275	1.2750000000000001	6.155327984502242
1276	1.276	-1.304366643989614
1277	1.2770000000000001	-3.3296356102087943
1278	1.278	9.672003552137097
1279	1.2790000000000001	-3.4444149857886535
1280	1.28	-1.4225992892052393
1281	1.281	-5.359475902456484
1282	1.282	1.2535294337644678
1283	1.283	0.5025702285176195
1284	1.284	0.04414649416405536
1285	1.285	0.6398560716502767
1286	1.286	-3.240285497933242
1287	1.287	1.6014837353094553
1288	1.288	1.9479123814037638
1289	1.289	2.0233106620973556
1290	1.29	1.1335947371469248
1291	1.291	4.365867207559002
1292	1.292	1.6152457330406627
1293	1.293	1.5120461316352203
1294	1.294	3.128098199408572
1295	1.295	4.829992933954143
1296	1.296	0.003838543672574621
1297	1.297	-3.275723549659167
1298	1.298	-0.7654143873909116
1299	1.299	2.4140650102048857
1300	1.3	1.6773434327734917
1301	1.301	-5.373624076316272
1302	1.302	0.9881152328601017
1303	1.303	8.094073158060091
1304	1.304	-3.1528117069800707
1305	1.305	3.694926423654266
1306	1.306	1.9013787353299094
1307	1.307	2.4456343496809874
1308	1.308	2.253153469255163
1309	1.309	3.162954126591942
1310	1.31	2.1984179785199616
1311	1.311	3.1914133103167166
1312	1.312	4.616654869600515
1313	1.313	2.0365597673977547
1314	1.314	-2.6871056144809775
1315	1.315	0.3086640394254214
1316	1.316	2.2444794269969384
1317	1.317	0.2346869107325994
1318	1.318	-1.4317886189046511
1319	1.319	0.22472494762983997
1320	1.32	-10.110314022236189
1321	1.321	4.8134727726669055
1322	1.322	-4.884417631797163
1323	1.323	-1.0362906700722845
1324	1.324	2.477603113295509
1325	1.325	1.2976827394545614
1326	1.326	2.7556675195622526
1327	1.327	2.56077900406782
1328	1.328	3.080357168929737
1329	1.329	1.8001930254999277
1330	1.33	-4.661232055914901
1331	1.331	1.3770729039536507
1332	1.332	2.6750671652956672
1333	1.333	6.581741515032441
1334	1.334	3.8455605042854284
1335	1.335	3.7109699906782696
1336	1.336	3.4307453840856406
1337	1.337	5.59350595571886
1338	1.338	-2.833507372299103
1339	1.339	0.520001771116831
1340	1.34	-1.2492263967596493
1341	1.341	1.7478242290139316
1342	1.342	5.229533967930706
1343	1.343	3.9637044779401256
1344	1.344	-5.006876795539843
1345	1.345	1.0970487974384648
1346	1.346	1.8639614717338686
1347	1.347	4.400345488588831
1348	1.348	0.6771181991406687
1349	1.349	3.651359926096871
1350	1.35	5.485456350652557
1351	1.351	2.9897234417343874
1352	1.352	1.3224305341641571
1353	1.353	2.6776569901115326
1354	1.354	0.09726155100011746
1355	1.355	3.0147151393311207
1356	1.356	-1.6068076524508739
1357	1.357	-4.03648447177855
1358	1.358	4.190524704875934
1359	1.359	-1.516701391984745
1360	1.36	6.120388713004856
1361	1.361	-7.842812033757065
1362	1.362	-1.9792567923290656
1363	1.363	6.740118860496149
1364	1.364	-7.708789424336301
1365	1.365	-0.30030431539279234
1366	1.366	0.5469030405661229
1367	1.367	3.9594006710814424
1368	1.368	-5.580330303507525
1369	1.369	-1.6295024650387844
1370	1.37	4.267256225883372
1371	1.371	4.068942879368026
1372	1.372	5.110295924360541
1373	1.373	2.1924362847120764
1374	1.374	3.034393941877025
1375	1.375	-1.222687829599248
1376	1.3760000000000001	2.866724459763293
1377	1.377	-1.449032447580699
1378	1.3780000000000001	4.446969986710012
1379	1.379	-8.106775006820333
1380	1.3800000000000001	-3.074323348514175
1381	1.381	-1.4186997484236925
1382	1.3820000000000001	4.188389345784615
1383	1.383	-0.4635719893592526
1384	1.3840000000000001	2.9912927835765952
1385	1.385	-3.5251902950255505
1386	1.3860000000000001	2.2210789174078345
1387	1.387	-4.173464999672371
1388	1.3880000000000001	4.373878617258672
1389	1.389	-0.9115270036971881
1390	1.3900000000000001	-1.184132318350095
1391	1.391	-5.239450794690622
1392	1.3920000000000001	-0.18442936396490328
1393	1.393	-2.9954695527866066
1394	1.3940000000000001	2.819631575443595
1395	1.395	-0.23767547287902527
1396	1.3960000000000001	-0.8855092141176137
1397	1.397	-1.9593780522607835
1398	1.3980000000000001	2.0407900507706462
1399	1.399	-0.4372461620561985
1400	1.4000000000000001	-1.4940229708741242
1401	1.401	-2.5932374518331898
1402	1.4020000000000001	3.959427049954523
1403	1.403	-4.81125559232511
1404	1.4040000000000001	5.56917632172001
1405	1.405	9.8921781640355
1406	1.4060000000000001	2.7568300292389702
1407	1.407	-0.29351038368436555
1408	1.408	5.4403216330055635
1409	1.409	6.873548818286466
1410	1.41	4.071774542055773
1411	1.411	3.3423107314668843
1412	1.412	-0.09005078804010447
1413	1.413	5.30092805523404
1414	1.414	-6.824818429449111
1415	1.415	2.7399073272543673
1416	1.416	1.9229712049079455
1417	1.417	-2.884331124441618
1418	1.418	10.435093423692228
1419	1.419	3.932839937301315
1420	1.42	2.015467740868107
1421	1.421	-5.630205286599132
1422	1.422	7.633210324271843
1423	1.423	-6.4352505228032255
1424	1.424	3.3833621480911242
1425	1.425	6.24960484818358
1426	1.426	-1.1129459000132815
1427	1.427	-5.710378675945455
1428	1.428	-3.543455555524832
1429	1.429	3.82942266806144
1430	1.43	3.108981990862746
1431	1.431	7.423899738916041
1432	1.432	-0.8026211632954869
1433	1.433	1.6434686672656822
1434	1.434	2.066469528905035
1435	1.435	-1.3081858359594678
1436	1.436	5.753102270309828
1437	1.437	-4.434658757649455
1438	1.438	7.50344531132719
1439	1.439	-3.017916806419387
1440	1.44	-3.321887367764358
1441	1.441	10.012856361584898
1442	1.442	-4.416199754642628
1443	1.443	2.7012820161054076
1444	1.444	-1.9577373883014055
1445	1.445	-2.4546935121029243
1446	1.446	-1.8001091970971306
1447	1.447	-4.465998613127647
1448	1.448	-2.1360274057107014
1449	1.449	-0.19536758682397837
1450	1.45	-4.531445867627312
1451	1.451	-1.1366186088295498
1452	1.452	2.32117876166806
1453	1.453	0.7090018165907812
1454	1.454	-1.699691268891153
1455	1.455	2.1675202530197657
1456	1.456	1.740608003139642
1457	1.457	-3.2044576398191973
1458	1.458	-1.9947875029238487
1459	1.459	-4.628101731683639
1460	1.46	-2.5752593763866347
1461	1.461	2.9949215801414497
1462	1.462	-3.1652308078092823
1463	1.463	-7.742460713712027
1464	1.464	-0.7786087380927132
1465	1.465	2.54946671835911
1466	1.466	6.2029967684124845
1467	1.467	5.265224767023425
1468	1.468	1.8441910995176243
1469	1.469	-3.7322136521008624
1470	1.47	-3.136903510073264
1471	1.471	3.1489222676256716
1472	1.472	-3.5725182191121903
1473	1.473	1.7202314496479045
1474	1.474	4.319208807690416
1475	1.475	3.3324265030380555
1476	1.476	8.53562738552169
1477	1.477	0.9743093015061068
1478	1.478	2.639173642861558
1479	1.479	0.5784336169913306
1480	1.48	2.395774943625504
1481	1.481	-2.3042105832456103
1482	1.482	-0.6446016865983364
1483	1.483	4.25821838567785
1484	1.484	2.537303378881415
1485	1.485	-0.7047445787959828
1486	1.486	-0.33935868301539807
1487	1.487	-2.8697985945530977
1488	1.488	1.9477312467461718
1489	1.489	1.438990452004057
1490	1.49	-6.470534191131103
1491	1.491	1.6960854417682623
1492	1.492	0.0720969696667294
1493	1.493	-3.399090565336002
1494	1.494	-2.622895216598115
1495	1.495	2.6336344282684268
1496	1.496	7.253266552167006
1497	1.497	8.719996242644957
1498	1.498	-2.637287192772228
1499	1.499	0.3652441795210373
1500	1.5	-3.072039816842289
