Time MixedMass1 MixedMass2 MixedMass3   
0.000000e+00 0.000000e+00 0.000000e+00 0.000000e+00 
9.980016e-02 2.487785e-02 0.000000e+00 2.487785e-02 
1.999556e-01 3.022669e-02 3.916059e-02 5.069916e-02 
2.996810e-01 3.942418e-02 8.313487e-01 6.936021e-01 
3.999160e-01 5.687030e-02 1.259453e+00 1.030902e+00 
4.997105e-01 8.797703e-02 1.561329e+00 1.295701e+00 
5.997653e-01 1.210283e-01 1.763237e+00 1.489608e+00 
6.999839e-01 1.530574e-01 1.920401e+00 1.642500e+00 
7.998617e-01 1.857280e-01 2.035199e+00 1.772680e+00 
8.998577e-01 2.173947e-01 2.113876e+00 1.868776e+00 
9.998068e-01 2.504698e-01 2.176972e+00 1.956076e+00 
1.099872e+00 2.844498e-01 2.235425e+00 2.032441e+00 
1.199948e+00 3.134683e-01 2.270329e+00 2.092935e+00 
1.299926e+00 3.429351e-01 2.295864e+00 2.146457e+00 
1.399905e+00 3.743864e-01 2.326673e+00 2.257418e+00 
1.499916e+00 3.994566e-01 2.358914e+00 2.293227e+00 
1.599893e+00 4.198323e-01 2.402494e+00 2.333489e+00 
1.699951e+00 4.370521e-01 2.441790e+00 2.377536e+00 
1.799934e+00 4.546981e-01 2.415346e+00 2.414541e+00 
1.899910e+00 4.744078e-01 2.441249e+00 2.467799e+00 
1.999953e+00 4.895011e-01 2.448895e+00 2.525150e+00 
2.099911e+00 5.049867e-01 2.483803e+00 2.567230e+00 
2.199890e+00 5.200472e-01 2.513377e+00 2.591384e+00 
2.299931e+00 5.311101e-01 2.550948e+00 2.602753e+00 
2.399924e+00 5.414884e-01 2.596247e+00 2.611566e+00 
2.499999e+00 5.500205e-01 2.731344e+00 2.647505e+00 
2.599998e+00 5.584410e-01 2.870406e+00 2.802634e+00 
2.699871e+00 5.709637e-01 2.938936e+00 2.856556e+00 
2.799929e+00 5.849988e-01 2.986870e+00 2.883543e+00 
2.899973e+00 5.967001e-01 3.010494e+00 2.892369e+00 
2.999907e+00 6.091577e-01 3.009838e+00 2.902692e+00 
3.099908e+00 6.138094e-01 3.008688e+00 2.911574e+00 
3.199866e+00 6.221900e-01 3.007126e+00 2.924533e+00 
3.299980e+00 6.344584e-01 3.023684e+00 2.943788e+00 
3.399886e+00 6.459152e-01 3.051933e+00 2.964630e+00 
3.499975e+00 6.552542e-01 3.084723e+00 2.982444e+00 
3.599933e+00 6.633124e-01 3.123912e+00 3.002631e+00 
3.699991e+00 6.709262e-01 3.166294e+00 3.021407e+00 
3.799898e+00 6.694572e-01 3.210244e+00 3.039122e+00 
3.899875e+00 6.738865e-01 3.263878e+00 3.059054e+00 
3.999934e+00 6.800135e-01 3.317378e+00 3.074562e+00 
4.099867e+00 6.891769e-01 3.379613e+00 3.092865e+00 
4.199992e+00 6.976418e-01 3.437457e+00 3.110614e+00 
4.299838e+00 7.139726e-01 3.505864e+00 3.134120e+00 
4.399916e+00 7.261741e-01 3.563516e+00 3.163525e+00 
4.499900e+00 7.317303e-01 3.625632e+00 3.185078e+00 
4.599816e+00 7.420353e-01 3.686386e+00 3.213867e+00 
4.699879e+00 7.555305e-01 3.752170e+00 3.240816e+00 
4.799859e+00 7.681165e-01 3.821844e+00 3.266242e+00 
4.899898e+00 7.841573e-01 3.899012e+00 3.294318e+00 
4.999963e+00 8.029063e-01 3.983097e+00 3.327555e+00 
5.099815e+00 8.222507e-01 4.078192e+00 3.365903e+00 
5.199829e+00 8.362527e-01 4.160923e+00 3.407365e+00 
5.299736e+00 8.516241e-01 4.280079e+00 3.459249e+00 
5.399895e+00 8.634080e-01 4.421419e+00 3.535593e+00 
5.499949e+00 8.831943e-01 4.606244e+00 3.631705e+00 
5.599699e+00 9.030601e-01 4.829252e+00 3.756398e+00 
5.699848e+00 9.225428e-01 5.118750e+00 3.933970e+00 
5.799772e+00 9.516292e-01 5.453824e+00 4.139539e+00 
5.899714e+00 9.911228e-01 5.845383e+00 4.369489e+00 
5.999899e+00 1.020944e+00 6.263529e+00 4.647792e+00 
6.099827e+00 1.051064e+00 6.724217e+00 4.915333e+00 
6.199733e+00 1.084226e+00 7.243304e+00 5.196283e+00 
6.299713e+00 1.136076e+00 7.882456e+00 5.516406e+00 
6.399739e+00 1.197138e+00 8.547079e+00 5.816170e+00 
6.499841e+00 1.265054e+00 9.219172e+00 6.106307e+00 
6.599835e+00 1.344314e+00 9.923404e+00 6.418320e+00 
6.699715e+00 1.425916e+00 1.061192e+01 6.726894e+00 
6.799985e+00 1.520759e+00 1.130659e+01 7.020380e+00 
6.899997e+00 1.629962e+00 1.201885e+01 7.275663e+00 
6.999752e+00 1.745717e+00 1.275984e+01 7.502614e+00 
7.099910e+00 1.878973e+00 1.351147e+01 7.712003e+00 
7.199678e+00 2.042324e+00 1.427689e+01 7.897737e+00 
7.299979e+00 2.215683e+00 1.502259e+01 8.070671e+00 
7.399870e+00 2.421222e+00 1.578199e+01 8.217772e+00 
7.499752e+00 2.657822e+00 1.655022e+01 8.346890e+00 
7.599726e+00 2.907127e+00 1.731330e+01 8.464001e+00 
7.699977e+00 3.191226e+00 1.804387e+01 8.559941e+00 
7.799823e+00 3.530021e+00 1.877099e+01 8.631256e+00 
7.899762e+00 3.882476e+00 1.945939e+01 8.693844e+00 
7.999789e+00 4.248218e+00 2.010916e+01 8.742757e+00 
8.099956e+00 4.622937e+00 2.064638e+01 8.763763e+00 
8.199907e+00 5.035324e+00 2.111113e+01 8.756436e+00 
8.299865e+00 5.456865e+00 2.150167e+01 8.721914e+00 
8.399680e+00 5.874080e+00 2.184574e+01 8.669781e+00 
8.499951e+00 6.259131e+00 2.201207e+01 8.606597e+00 
