1 5 1.90 0.0182 104.40 0.0129 147.29 0.0422
2 10 1.90 0.0183 103.83 0.0108 175.93 0.0745
3 15 1.90 0.0181 104.97 0.0090 211.11 0.1049
4 20 1.90 0.0183 103.83 0.0079 240.51 0.1293
5 25 1.90 0.0185 102.70 0.0075 253.33 0.1523
6 30 1.90 0.0185 102.70 0.0070 271.43 0.1728
7 35 1.90 0.0185 102.70 0.0066 287.88 0.19
8 40 1.90 0.0183 103.83 0.0056 339.29 0.2075
9 45 1.90 0.0187 101.60 0.0060 316.67 0.2261
10 50 1.90 0.0188 101.06 0.0057 333.33 0.2407
11 55 1.90 0.0186 102.15 0.0052 365.39 0.2563
12 60 1.90 0.0185 102.70 0.0049 387.76 0.2713
13 65 1.90 0.0187 101.60 0.0051 372.55 0.2843
14 70 1.90 0.0186 102.15 0.0047 404.26 0.2986
15 75 1.90 0.0188 101.06 0.0046 413.04 0.3109